804
975
832
508
799
162
738
799
455
555
427
150
45
593
479
322
228
356
86
111
549
368
886
778
685
521
61
895
987
908
25
377
740
744
167
202
168
749
345
374
367
593
286
166
283
16
578
614
339
235
708
490
505
141
465
714
468
539
85
289
27
420
697
321
20
810
16
679
865
286
706
111
304
624
530
425
20
396
223
469
610
519
994
186
810
921
726
7
964
518
204
169
478
617
181
363
411
735
685
240
389
576
722
946
779
537
478
785
407
743
164
557
130
10
913
884
288
580
491
62
355
719
160
590
156
474
714
539
623
991
558
366
413
774
744
584
643
222
4
983
649
546
182
687
932
933
924
429
394
429
150
867
569
569
578
621
789
195
586
990
123
288
739
992
513
874
621
435
715
210
2
230
540
572
950
48
432
880
250
730
566
325
336
550
540
925
43
571
184
621
635
831
201
153
948
41
139
434
2
797
666
559
83
46
251
907
154
712
125
14
395
917
822
26
853
189
706
583
438
448
632
907
983
275
291
748
669
198
838
562
889
293
144
993
545
357
362
253
851
378
525
518
920
737
607
797
851
871
770
41
522
680
576
438
25
4
535
951
541
939
728
148
438
551
159
290
572
833
151
471
84
368
358
298
455
215
893
270
255
3
705
514
769
75
515
997
671
795
603
681
8
811
223
340
11
145
706
918
696
477
133
371
750
876
2
926
980
551
529
546
441
868
2
197
448
42
171
186
833
385
757
469
210
958
4
283
479
775
653
923
503
468
838
763
712
467
186
849
335
279
836
556
160
441
183
772
953
54
896
93
165
598
174
286
135
901
248
93
770
701
864
70
595
252
856
744
162
817
924
834
0
665
461
661
720
442
553
180
392
365
337
213
51
718
508
619
7
567
93
94
675
431
582
224
792
883
116
248
237
720
715
667
109
364
469
517
407
650
200
626
415
975
342
615
847
105
708
795
937
565
370
296
898
655
60
995
597
612
428
835
883
325
978
108
721
322
698
174
168
459
260
843
301
847
126
362
368
76
91
556
816
715
573
130
357
425
438
622
896
729
265
737
970
642
751
88
345
928
353
437
531
690
412
608
287
371
680
181
627
17
650
883
460
827
81
426
737
597
874
109
923
654
801
154
652
283
629
161
706
422
857
468
788
653
637
504
154
82
433
377
827
766
631
76
8
732
635
645
292
508
926
618
465
278
197
795
988
460
960
199
766
542
949
648
417
449
226
928
60
624
160
10
597
223
342
72
566
554
60
362
895
917
179
100
320
551
135
670
801
235
283
351
999
431
33
679
762
538
30
358
619
966
150
307
483
234
228
28
102
242
237
997
340
184
125
188
5
328
608
141
795
15
24
236
905
791
775
944
957
542
964
868
240
869
608
335
687
704
182
139
593
350
331
796
897
710
296
335
714
456
953
210
918
298
437
396
785
283
955
110
104
309
770
883
707
602
324
917
57
974
116
718
419
63
261
61
109
617
639
195
528
116
139
64
976
672
796
996
759
185
561
985
703
220
11
200
9
905
580
803
324
441
777
520
8
474
422
634
848
685
151
269
869
413
302
871
498
62
839
774
39
290
144
629
323
750
335
243
430
209
312
89
593
431
816
316
735
117
667
628
613
536
756
787
212
218
531
821
850
225
458
241
447
63
408
702
531
277
975
583
876
98
522
885
84
321
103
720
63
739
518
408
85
69
433
849
40
258
905
423
602
499
644
131
188
44
67
80
72
141
504
696
459
27
937
233
115
909
297
261
942
334
653
821
926
144
603
811
56
458
779
47
134
802
675
102
868
499
939
704
290
956
843
977
333
287
924
278
351
40
659
714
453
419
618
679
834
515
749
921
635
529
319
717
512
873
566
687
766
328
296
689
809
165
512
1
776
222
646
688
282
476
126
670
703
562
809
491
841
19
304
213
536
813
291
159
591
774
753
491
353
211
461
684
459
854
137
41
518
692
478
318
973
17
622
360
971
159
691
444
867
7
777
636
862
370
92
91
388
638
41
645
66
19
660
470
451
810
206
824
333
794
665
133
44
874
630
738
105
466
273
631
523
28
135
449
263
320
43
767
691
660
794
503
325
462
118
825
807
829
70
547
864
820
233
379
918
291
6
798
165
876
834
540
160
766
429
854
396
437
918
774
926
352
378
593
804
996
407
627
33
280
203
142
709
482
153
993
301
419
48
154
320
444
890
778
171
224
679
888
635
983
735
74
267
32
854
821
954
973
48
210
48
907
703
783
757
370
750
284
930
434
816
862
993
669
426
56
544
157
1
556
27
806
792
297
8
579
918
914
769
45
355
969
360
899
48
653
764
671
364
841
555
913
692
498
258
524
364
420
665
759
986
222
500
677
949
287
169
423
98
127
811
822
538
220
493
188
100
956
195
138
261
710
185
454
207
482
483
727
287
733
367
596
333
245
320
881
169
895
366
797
189
188
480
767
49
306
666
18
363
179
297
300
797
808
571
547
98
653
226
276
416
404
232
790
726
868
804
57
302
21
922
231
955
504
531
356
183
950
714
750
485
605
442
929
825
594
949
701
636
94
383
227
830
374
146
455
964
354
270
293
120
913
233
303
62
604
847
480
923
865
270
921
13
75
701
762
358
988
29
810
185
209
580
718
942
340
95
380
344
376
254
462
605
705
382
629
278
845
459
95
41
608
191
558
400
1
684
458
481
539
232
777
24
44
822
250
222
247
225
967
287
652
960
816
486
216
2
119
909
360
820
131
447
689
233
731
255
632
619
819
511
845
182
389
412
868
386
218
169
9
135
411
221
835
973
823
20
991
393
468
496
257
317
639
787
924
979
369
856
559
687
255
408
220
445
437
906
994
966
682
536
497
433
137
709
651
215
263
35
594
881
903
756
74
51
199
291
46
13
316
896
486
603
501
437
618
514
85
930
855
72
405
806
767
540
485
828
282
153
566
212
155
441
183
774
471
851
572
873
557
352
640
496
238
452
578
79
793
56
499
591
329
672
121
911
545
737
643
802
11
259
402
621
164
550
846
444
188
548
602
478
836
119
195
451
24
767
16
191
728
393
711
746
317
89
73
209
955
470
832
880
104
715
524
509
510
311
702
165
241
494
371
682
498
471
431
746
952
869
313
419
296
248
749
320
564
147
783
707
501
901
743
465
949
372
856
335
782
814
587
780
375
332
602
540
997
774
448
299
788
445
656
857
185
730
2
872
737
563
87
531
300
707
218
495
445
961
838
58
807
748
352
771
760
19
311
685
483
32
313
974
974
380
883
959
61
574
848
415
750
599
409
657
564
138
187
73
640
546
11
668
447
266
116
699
945
92
713
675
909
563
616
835
885
845
702
702
992
632
520
482
336
952
290
878
328
312
849
349
617
235
864
979
642
103
760
896
58
194
371
595
389
925
277
646
344
627
153
994
115
611
235
444
877
901
170
32
434
772
114
643
630
140
922
661
706
937
678
413
252
842
606
902
802
96
611
633
388
711
329
338
555
62
561
75
477
704
411
470
763
285
278
833
499
578
84
525
867
1
768
203
411
444
142
527
651
893
634
481
273
115
337
739
592
621
40
373
286
242
577
788
714
892
966
980
237
537
219
63
63
954
684
574
97
577
16
221
165
660
623
597
747
971
517
872
84
495
61
623
77
914
966
793
938
215
311
210
948
381
4
233
987
988
331
871
750
501
730
153
660
183
926
608
552
863
906
485
133
203
982
719
71
783
383
730
319
5
391
841
958
804
16
491
381
198
613
427
140
931
650
763
145
878
23
120
195
401
954
67
5
569
501
730
10
975
170
756
201
943
914
768
205
44
69
85
577
192
428
750
64
61
665
857
175
206
833
722
955
64
490
755
298
953
281
715
485
317
489
663
879
696
149
87
877
340
812
582
293
959
920
968
300
830
87
954
961
362
274
240
150
275
940
496
362
748
817
791
511
241
841
850
320
214
117
980
300
634
563
661
679
979
968
519
806
446
807
891
725
193
74
241
647
740
788
459
967
115
564
456
351
921
853
549
150
285
20
841
73
539
403
148
607
591
942
97
168
152
693
664
306
375
831
793
626
26
298
697
224
974
303
146
590
677
304
299
887
334
925
659
458
537
518
299
216
606
694
840
302
252
250
533
18
847
319
462
591
398
473
56
750
242
767
63
462
615
398
667
417
479
706
644
19
444
784
339
708
171
806
776
405
378
520
367
754
480
53
574
636
899
277
334
93
325
515
235
427
523
300
223
729
828
220
111
506
116
618
248
391
883
90
515
154
12
233
243
346
7
93
716
954
686
97
700
394
853
47
837
992
18
911
765
899
32
745
609
997
406
57
793
971
153
331
189
157
256
215
297
167
201
107
491
602
610
461
348
310
672
184
756
789
941
894
788
313
91
666
299
280
370
109
823
99
822
289
645
650
850
40
819
991
298
680
525
511
51
0
408
183
83
683
412
899
2
957
216
158
400
409
583
498
733
337
794
162
25
939
891
453
448
929
604
98
677
872
720
755
999
671
114
458
331
116
822
429
677
376
367
148
54
622
989
30
586
703
566
330
301
977
782
166
134
910
550
632
788
32
760
55
391
215
207
352
345
986
917
334
352
780
180
506
397
615
296
632
354
658
430
847
965
559
970
619
194
217
508
205
322
851
865
548
690
876
602
773
725
102
114
496
718
172
690
197
829
40
916
825
997
483
399
577
714
303
89
576
138
945
379
753
647
676
795
798
718
371
295
490
985
202
128
45
418
213
752
408
851
830
523
531
472
879
745
796
497
532
201
679
966
951
462
647
477
69
109
58
743
97
528
548
37
823
43
939
944
746
10
280
373
379
933
963
439
811
781
240
629
778
491
655
694
10
54
44
802
617
664
784
808
605
196
943
937
423
625
786
776
580
126
890
262
979
236
759
220
593
900
393
151
520
203
762
120
220
298
498
65
988
375
395
315
311
511
536
867
755
898
917
787
512
251
481
143
504
173
374
7
235
863
35
448
189
838
490
850
648
284
813
590
247
217
290
860
464
914
226
379
488
950
718
881
608
747
946
455
346
766
715
319
30
329
37
111
410
594
510
560
241
393
151
256
408
480
105
312
362
233
364
886
78
10
199
889
733
165
554
748
598
200
29
710
394
647
400
56
502
58
879
525
976
900
388
422
250
276
233
151
814
96
426
393
892
760
822
721
327
465
941
239
488
951
41
730
961
890
554
881
222
148
483
386
264
819
722
111
373
291
579
48
863
591
931
497
579
905
576
754
434
493
330
611
65
168
342
128
922
141
899
485
766
310
744
169
601
6
527
430
509
793
579
696
745
179
609
616
692
987
301
481
981
699
22
64
134
300
26
316
613
27
599
932
14
953
565
557
476
502
461
249
80
883
458
899
107
854
820
487
561
459
265
406
304
117
122
621
438
978
580
70
360
512
628
565
25
146
534
413
520
138
821
129
11
3
747
899
474
554
225
899
414
993
987
190
931
585
522
674
96
144
17
495
566
924
63
367
787
562
372
544
911
377
152
497
785
692
40
962
966
823
702
685
749
56
314
47
605
219
132
792
284
432
269
226
56
249
626
581
216
666
633
729
28
420
102
73
755
585
14
212
259
719
516
963
957
723
746
385
564
138
364
766
172
796
821
895
664
661
481
570
397
158
656
986
353
547
526
548
704
676
685
710
805
981
741
619
193
745
11
710
74
434
858
917
110
392
599
829
77
312
275
932
85
668
763
89
625
720
848
509
656
814
926
792
298
434
922
55
501
867
889
762
199
403
471
644
57
705
111
14
921
369
436
867
452
699
712
347
244
433
662
617
929
466
223
647
384
655
3
171
180
395
289
919
835
10
499
226
271
932
830
304
108
295
712
785
84
815
394
615
923
806
591
34
454
718
698
155
637
880
487
607
413
12
573
836
988
618
169
877
242
612
835
874
424
390
968
178
228
87
786
573
590
938
395
99
325
528
359
965
765
169
861
232
134
849
131
343
301
960
362
42
875
500
698
933
368
576
230
730
286
782
149
239
547
503
322
254
617
235
625
833
80
813
263
886
153
799
208
593
832
364
599
955
927
707
622
677
246
430
978
680
567
311
479
747
866
599
722
223
441
312
79
201
217
1
400
362
527
86
978
452
82
224
268
435
690
69
825
503
508
477
689
439
282
416
207
360
49
847
898
436
252
371
487
33
91
723
720
655
181
81
867
150
277
725
113
944
925
787
185
461
343
718
633
455
790
615
153
747
925
741
212
708
414
417
57
894
124
939
827
443
782
371
134
173
891
818
957
883
48
297
120
967
518
421
918
322
95
892
717
498
808
245
446
165
5
353
954
289
702
986
152
830
861
76
688
410
428
442
690
146
565
408
731
758
469
157
778
152
597
645
339
899
900
640
405
421
879
738
62
239
894
239
872
335
182
416
173
549
449
997
497
923
755
679
187
100
641
84
124
181
84
871
194
950
941
628
773
4
973
787
995
120
418
25
78
132
369
528
283
719
851
71
340
750
605
47
366
249
78
487
334
641
980
613
144
636
116
674
223
33
870
631
362
743
857
779
197
536
775
534
346
391
394
408
689
810
995
709
736
154
268
557
298
868
846
652
936
449
205
609
770
146
606
815
279
688
125
462
656
747
602
858
142
520
480
138
505
490
131
252
499
420
229
437
711
670
122
447
654
154
990
478
378
675
730
61
132
885
181
216
805
835
279
794
985
940
183
246
470
174
234
32
979
514
853
497
620
941
129
331
420
818
906
638
818
74
616
268
588
450
996
279
83
982
78
324
42
11
525
297
471
303
469
803
254
220
495
882
213
522
310
951
342
69
943
107
772
593
17
766
860
768
769
143
440
968
990
183
911
516
4
411
327
673
133
600
48
354
815
286
867
320
733
960
716
627
803
161
194
211
882
826
219
821
395
968
3
917
846
176
449
802
376
484
774
986
87
866
868
715
869
999
441
669
836
960
475
68
301
185
910
806
408
408
754
778
174
243
999
277
689
752
842
181
678
664
694
654
445
832
392
297
447
186
818
944
420
695
890
849
17
771
480
585
357
173
390
822
786
693
917
68
394
813
931
569
511
74
601
848
504
149
105
745
668
426
702
429
905
495
519
574
205
65
301
760
608
731
145
238
499
448
935
363
544
784
793
390
565
784
366
804
931
766
189
65
818
498
660
426
818
963
410
517
937
369
965
477
974
152
648
743
639
445
583
37
550
936
557
712
400
38
203
370
196
61
658
580
442
415
415
623
545
922
547
393
516
986
867
989
254
716
898
68
305
95
665
745
23
943
489
651
473
723
899
811
258
219
748
140
684
713
394
709
326
608
553
379
123
321
57
84
550
922
276
795
334
193
427
172
394
708
308
11
415
98
296
859
500
864
555
579
878
987
517
233
506
107
642
380
722
227
350
764
822
740
813
437
518
80
974
514
793
429
768
181
562
763
22
16
911
939
920
421
391
674
244
725
25
54
813
554
215
607
682
170
698
117
697
770
69
50
945
222
161
911
481
281
732
886
471
106
523
834
568
842
709
94
868
54
172
571
307
84
842
262
715
757
534
731
38
420
336
16
425
991
631
141
989
557
252
673
39
74
95
766
499
875
783
730
60
48
578
460
303
192
839
988
695
725
725
997
880
693
767
419
116
995
146
98
95
29
240
96
598
41
48
412
619
869
616
770
660
353
465
648
869
416
335
923
559
692
264
321
467
658
132
389
760
382
331
827
435
381
128
863
236
604
646
785
632
197
107
889
725
552
142
875
163
125
513
151
288
621
547
607
749
482
980
156
801
10
615
751
302
113
446
644
232
390
436
366
181
215
139
289
820
526
753
640
885
295
5
546
517
1
442
8
153
10
363
714
311
436
604
244
723
929
846
543
291
853
930
483
226
467
921
980
563
68
272
392
971
525
552
874
390
267
589
935
588
602
797
726
153
157
705
441
784
392
382
822
22
331
540
942
691
147
579
322
420
751
753
974
550
311
906
137
666
485
965
308
712
211
478
691
404
99
993
312
207
810
40
876
673
345
759
905
349
803
997
805
744
37
825
312
141
563
978
178
78
268
693
65
445
721
749
354
23
354
337
977
170
389
512
456
113
150
603
23
955
300
908
92
78
647
439
359
102
379
250
523
935
965
99
913
729
527
817
363
767
171
770
272
387
623
229
139
57
541
289
812
641
21
233
298
689
170
868
290
335
62
422
485
983
77
25
336
542
369
717
186
365
197
116
568
432
943
636
59
556
898
171
286
549
333
673
531
371
930
951
941
229
395
315
508
508
942
386
847
162
415
526
269
933
964
852
840
314
611
722
874
722
495
929
835
720
288
551
677
479
101
588
501
868
155
30
772
694
656
981
496
678
592
836
447
644
627
241
979
301
867
798
993
712
46
995
355
231
586
902
436
234
69
495
458
474
892
346
33
231
252
552
621
754
173
459
604
649
955
698
365
997
320
524
48
962
510
248
631
585
780
812
608
258
47
192
788
113
940
375
730
167
128
93
858
638
607
403
589
241
573
412
683
665
602
190
618
662
142
939
962
346
736
11
627
374
941
256
399
642
697
465
327
20
720
412
392
432
603
82
371
281
446
222
987
806
253
243
206
492
794
881
43
27
338
715
351
643
461
816
823
909
137
356
918
129
435
936
461
598
462
784
456
860
621
733
22
980
876
63
455
605
468
884
98
229
451
712
97
668
489
300
159
206
588
578
69
264
821
775
116
722
662
385
542
222
217
694
789
884
527
996
631
854
116
436
252
29
124
709
926
127
690
432
264
966
745
110
921
483
997
31
220
529
689
317
436
932
661
619
361
676
361
628
339
275
695
640
172
617
51
916
178
576
377
480
196
715
947
279
539
235
331
355
707
145
122
782
211
295
183
653
954
549
529
316
499
821
463
398
936
181
277
894
262
487
628
753
908
272
695
916
506
720
363
757
86
608
962
220
618
25
549
704
243
559
324
966
572
339
538
845
169
49
159
641
689
544
647
346
186
198
421
756
777
493
987
670
192
632
222
23
750
164
53
806
927
699
574
58
32
806
695
35
422
76
571
933
358
188
379
141
848
498
512
98
775
320
871
253
199
620
752
500
948
249
758
747
549
224
289
930
88
806
418
875
802
278
362
917
96
410
375
48
179
570
575
700
740
288
142
954
867
926
329
95
967
734
982
939
563
225
558
303
660
267
203
309
851
723
67
952
437
795
905
510
631
406
965
938
327
158
304
323
51
367
985
853
385
658
39
537
650
456
692
58
600
435
111
752
673
671
863
696
667
813
326
242
757
40
549
208
457
974
421
63
453
988
592
134
264
563
230
819
288
409
619
267
171
113
565
777
323
954
775
451
103
371
691
236
412
254
728
577
410
915
543
348
632
73
695
578
59
664
77
800
567
638
532
471
762
137
407
46
425
622
140
752
631
596
615
0
190
518
712
691
183
408
378
376
254
406
597
325
786
266
817
108
256
336
786
207
872
112
199
499
62
825
307
209
495
889
392
61
115
202
34
924
78
479
227
186
598
789
686
476
426
436
142
105
124
158
36
787
324
387
770
785
899
954
602
594
329
214
356
710
589
18
324
782
560
362
152
709
312
799
25
813
588
919
182
259
502
298
643
326
745
295
24
946
569
27
532
189
447
639
496
999
580
722
330
559
349
355
409
84
417
803
180
761
422
311
752
769
106
813
309
22
286
625
988
357
295
326
244
368
376
139
323
989
67
66
187
237
771
926
122
214
562
223
308
607
780
471
835
431
100
200
980
680
599
363
114
903
777
288
234
445
643
629
980
245
730
997
938
643
358
69
209
578
530
43
483
964
624
198
325
766
416
218
990
497
58
665
833
421
320
638
304
761
812
268
607
585
894
107
304
848
694
913
564
289
991
578
286
487
691
143
15
390
320
967
453
84
232
94
353
378
211
783
770
29
771
996
960
77
720
333
705
823
517
576
475
405
509
483
632
840
402
984
836
633
230
211
913
748
612
100
717
811
353
442
920
916
264
329
268
285
649
910
532
343
63
270
309
486
793
16
860
910
24
841
348
417
783
952
237
19
582
749
95
508
140
541
723
896
681
408
355
766
94
565
664
137
668
663
434
406
207
552
58
275
79
944
475
373
152
258
760
427
643
709
347
442
594
343
785
329
95
286
996
819
382
975
243
296
618
479
398
412
523
344
653
917
9
557
500
216
617
337
682
535
887
478
815
462
736
845
560
812
543
477
539
479
946
460
689
922
243
360
353
433
924
538
238
190
83
141
301
364
374
862
716
212
721
865
383
217
224
407
804
761
568
746
763
769
768
940
976
33
269
967
735
639
259
433
662
37
562
778
838
815
614
545
975
164
840
725
771
351
228
645
286
258
0
157
998
190
71
127
150
718
415
343
191
254
551
995
355
451
107
837
898
264
829
966
128
712
450
937
92
932
561
567
748
139
996
364
483
474
262
984
97
537
245
511
751
611
750
621
917
196
441
893
80
479
387
643
788
819
744
637
653
135
61
962
106
338
325
156
986
580
123
419
570
177
260
340
259
464
737
149
949
770
263
897
36
919
347
362
161
371
622
699
6
183
217
33
916
470
903
252
665
938
256
238
452
354
254
644
51
547
581
123
136
621
403
596
957
611
526
749
940
704
670
467
249
525
52
292
74
683
580
341
183
949
772
343
282
967
908
541
876
384
41
305
579
616
239
198
320
268
815
97
452
380
377
737
579
274
251
691
784
740
176
383
71
732
237
187
23
501
640
60
77
348
323
436
381
750
356
295
866
662
750
439
52
220
613
985
92
891
542
15
754
363
768
144
347
118
860
466
84
680
703
998
19
973
85
252
476
119
456
31
851
248
328
877
769
578
354
852
839
120
327
515
666
823
225
997
374
903
940
79
589
371
535
24
763
508
691
743
716
132
521
519
526
33
72
153
202
871
649
877
122
171
558
800
875
784
993
965
977
339
556
318
898
737
358
37
990
732
717
670
200
977
223
511
883
702
350
476
666
359
851
472
50
155
872
972
370
389
135
11
809
883
508
329
377
640
22
774
187
12
703
322
861
339
585
320
637
986
946
598
583
170
87
159
338
772
967
14
985
603
614
585
962
197
514
802
421
295
111
662
63
611
161
536
296
362
893
982
475
287
869
139
136
580
981
50
363
240
232
427
852
805
829
418
835
390
646
929
720
172
285
930
234
249
830
953
850
869
857
683
534
547
429
160
157
544
630
578
460
482
629
122
113
629
402
566
243
520
27
598
786
151
882
961
145
914
179
532
950
826
21
422
151
375
549
992
276
468
827
478
478
564
823
551
874
49
216
702
787
337
775
849
715
926
766
900
247
917
160
319
686
55
426
933
843
413
336
307
314
244
531
20
580
372
559
99
419
730
697
661
465
283
188
570
217
654
427
512
428
206
220
449
646
206
519
851
554
964
893
446
932
523
598
490
294
556
295
723
660
610
353
236
537
738
194
448
877
863
326
285
685
925
549
418
998
968
317
136
139
858
395
994
525
246
747
918
818
705
79
836
852
744
561
219
637
516
39
172
683
604
498
790
53
221
585
591
823
535
813
736
105
582
396
604
366
425
788
67
569
789
683
445
550
396
600
696
143
614
232
878
794
851
396
285
781
305
776
967
698
324
644
511
600
642
404
72
3
164
95
655
985
839
977
541
811
377
939
591
784
208
735
854
560
162
996
573
758
763
576
189
528
941
997
399
655
194
698
665
903
943
328
844
577
885
564
737
660
640
775
461
512
901
405
489
790
573
137
108
193
114
705
809
634
394
772
835
668
911
390
694
352
148
410
970
231
137
659
153
794
116
813
536
608
216
692
470
278
758
128
349
538
620
655
799
77
560
993
421
146
109
747
336
595
841
746
521
760
423
217
554
538
808
311
21
54
351
573
237
571
429
593
373
667
344
439
317
250
904
469
845
696
112
758
718
233
797
701
370
706
871
312
740
58
132
357
629
141
168
751
681
988
993
566
722
302
463
601
713
705
439
704
49
263
883
950
232
870
778
322
259
390
845
772
183
815
504
412
385
337
446
95
93
892
449
849
518
689
824
471
801
241
947
62
649
617
890
456
117
10
63
308
529
215
128
54
912
276
187
94
664
401
373
331
366
209
549
599
815
527
756
666
364
231
442
172
604
94
230
332
283
196
223
242
98
219
359
374
656
869
376
212
487
745
298
986
443
203
193
187
207
142
130
848
919
209
886
596
132
587
2
125
384
413
156
55
698
874
717
92
225
192
541
55
64
51
723
583
22
490
92
291
682
917
664
729
731
704
157
734
884
782
926
691
146
730
356
758
354
141
853
335
153
473
21
926
590
133
557
76
499
314
661
245
733
964
488
324
75
319
261
989
359
651
218
259
938
193
452
410
113
767
78
882
584
275
858
930
286
53
604
550
176
65
181
639
710
55
952
456
747
68
803
176
575
187
712
753
604
978
976
343
30
844
793
290
410
458
895
10
694
484
318
160
703
47
197
167
429
799
684
513
831
955
696
187
985
396
230
357
530
777
399
638
396
603
181
279
656
382
111
230
224
324
797
322
787
505
174
726
27
65
901
452
707
812
133
895
650
536
206
331
977
452
405
845
221
470
133
355
122
368
216
316
943
564
29
159
135
891
398
764
70
662
967
53
314
378
802
322
657
605
557
84
650
925
421
960
965
368
439
697
268
406
490
438
621
395
390
191
657
383
131
880
907
264
205
422
668
633
347
48
784
83
805
482
526
325
397
646
520
268
221
283
354
112
872
249
27
581
392
277
917
660
16
671
280
587
956
752
617
380
90
869
425
917
452
424
931
384
829
709
441
988
614
268
822
937
305
169
470
65
678
808
832
921
725
830
177
817
885
323
861
83
990
713
753
765
596
657
861
85
44
818
427
250
706
618
942
625
324
923
595
838
274
152
622
152
869
497
942
287
547
756
210
942
869
798
145
481
808
840
560
550
722
483
52
978
718
989
694
919
898
325
425
54
77
341
12
653
145
858
626
400
190
522
97
234
865
45
844
858
255
865
345
195
680
277
748
852
442
856
906
522
518
316
656
392
611
18
678
801
744
991
599
810
820
694
343
890
158
736
885
613
65
423
680
118
896
307
38
105
923
890
644
302
543
250
202
669
20
628
953
77
2
964
404
848
506
952
169
330
933
429
260
631
959
823
502
749
791
941
12
584
396
595
848
755
786
429
987
708
316
858
774
333
305
188
863
196
943
841
456
548
592
118
336
452
114
57
796
742
751
782
62
40
469
180
221
704
357
889
990
449
874
335
881
314
239
12
436
817
259
271
262
442
226
641
527
7
291
118
422
125
915
888
866
690
556
696
365
268
755
439
539
317
183
562
270
426
997
573
823
131
79
274
582
400
325
346
211
615
205
570
187
689
195
249
613
13
565
411
170
61
205
942
854
830
839
114
890
762
32
895
825
439
827
12
359
130
749
0
899
214
146
359
170
642
557
508
490
805
832
440
452
656
252
857
843
470
795
80
597
365
956
234
446
605
294
26
753
743
939
948
656
857
854
889
303
497
552
937
411
476
301
628
838
289
602
20
144
794
856
756
352
754
700
684
256
977
441
745
646
91
386
526
767
446
636
333
188
222
88
662
998
608
966
678
908
818
211
685
418
798
429
583
670
695
912
18
989
568
462
241
410
343
347
725
656
723
746
202
180
631
466
129
816
751
549
530
580
935
627
804
897
532
516
348
323
215
611
791
407
481
92
232
917
823
809
98
60
513
999
165
705
36
652
838
849
480
439
994
746
616
580
570
175
964
964
616
289
881
95
687
402
585
170
337
805
91
705
920
441
208
647
110
841
138
811
308
234
693
873
625
165
837
823
198
250
96
962
431
951
315
87
119
352
446
441
581
985
276
382
606
658
506
501
470
140
172
78
307
245
162
375
857
594
528
224
964
823
323
786
254
548
964
144
77
733
496
625
152
410
660
314
364
889
407
303
783
704
304
593
322
522
340
435
383
183
781
106
488
838
55
798
156
877
127
309
224
968
467
719
404
82
511
68
111
794
446
347
513
511
279
778
281
549
407
448
780
105
309
836
274
279
575
692
261
241
216
12
250
539
65
562
110
321
164
524
635
937
182
352
117
989
311
862
532
393
576
898
397
450
153
670
495
209
156
993
438
648
284
227
467
340
897
641
973
271
356
335
1
458
941
584
362
841
234
661
64
680
641
790
475
361
641
839
25
69
424
802
244
266
794
871
656
287
645
150
372
668
808
647
217
986
805
228
893
122
893
610
978
827
781
336
537
417
597
894
734
221
973
793
115
118
636
463
171
171
500
303
376
848
60
62
144
811
848
9
48
562
792
34
214
525
614
892
9
280
796
294
13
739
231
460
809
35
402
21
282
765
829
893
993
16
551
857
655
304
627
67
929
144
990
684
525
472
494
138
106
573
675
249
570
456
570
618
100
856
902
219
779
183
110
99
675
751
953
447
49
584
922
75
716
924
245
510
697
348
63
517
959
25
288
808
460
258
674
143
719
878
941
791
815
484
105
546
78
776
755
102
709
437
724
614
238
114
408
691
27
53
60
916
997
853
517
203
374
624
152
976
544
555
333
182
9
529
286
617
59
965
97
912
17
486
476
795
787
399
74
915
44
187
362
602
572
405
528
436
173
425
403
365
48
448
173
453
793
87
516
11
940
609
850
4
512
611
561
129
187
519
472
902
481
778
296
409
848
43
482
126
678
966
727
366
987
431
360
432
10
194
971
552
3
927
950
7
303
613
39
652
110
88
613
191
503
269
181
166
919
285
486
592
699
277
694
587
342
131
366
121
765
755
317
250
254
831
982
768
727
141
641
293
646
676
685
160
179
745
140
391
200
188
811
201
331
663
755
185
514
638
257
346
521
405
142
609
422
936
14
320
266
852
5
502
119
129
698
309
203
414
143
215
50
991
342
952
482
493
108
118
767
448
963
662
447
611
626
189
216
823
675
92
701
837
168
115
153
145
381
786
872
345
313
576
653
998
288
324
661
245
810
634
916
668
796
506
21
34
473
411
830
555
495
382
531
286
300
483
992
100
325
168
304
439
477
649
151
718
144
361
16
801
146
26
273
464
227
600
874
130
84
624
696
434
483
67
625
409
699
837
65
125
384
485
919
671
969
528
20
252
891
16
620
990
236
623
840
761
900
605
892
8
987
405
493
20
962
573
141
604
28
917
804
428
311
503
156
565
679
167
703
932
463
740
6
384
905
42
748
194
906
23
562
541
511
128
397
389
650
87
685
875
803
841
714
870
663
251
449
926
357
560
486
207
449
324
953
338
797
681
952
309
302
352
572
713
715
767
589
646
997
26
718
503
134
224
685
793
942
797
452
824
164
177
634
781
53
991
522
288
737
467
171
9
883
488
660
236
562
957
9
692
764
753
223
965
714
555
566
91
990
277
512
824
474
647
764
2
302
733
345
292
344
857
86
261
201
379
711
399
349
308
361
232
858
539
612
99
57
818
976
538
637
178
391
466
926
697
479
499
503
905
155
826
899
78
773
40
836
929
108
178
382
957
367
39
414
782
890
528
989
361
375
361
594
858
241
1
723
330
247
68
954
66
580
827
459
631
406
534
918
149
329
589
902
383
273
468
129
474
65
327
388
21
383
69
599
333
827
365
189
265
533
812
897
67
173
986
218
33
190
589
894
563
795
301
264
467
606
216
845
913
806
940
167
497
342
525
816
297
2
418
566
620
173
528
730
395
700
294
123
817
560
414
551
860
970
485
362
796
172
340
381
670
361
353
524
968
139
269
475
409
430
422
69
844
10
345
464
762
678
834
738
779
620
530
289
796
711
924
305
230
319
513
616
809
711
509
420
969
268
101
770
814
556
772
185
907
771
609
432
946
157
828
361
472
837
968
635
350
861
370
347
705
436
540
825
345
987
979
327
511
152
897
8
924
838
977
227
730
197
27
244
883
762
926
384
957
981
720
18
127
106
150
61
296
711
122
257
968
126
881
212
452
710
692
997
449
211
894
135
868
424
47
997
4
973
754
909
799
321
443
792
8
65
21
766
527
135
868
971
3
787
47
779
125
170
0
698
669
818
209
526
452
612
501
734
833
664
708
613
312
64
402
498
58
646
278
204
929
757
553
921
628
507
445
956
200
142
389
117
970
979
165
0
367
825
490
150
821
892
994
862
57
50
678
393
676
640
110
468
849
188
639
283
340
117
845
637
816
930
313
454
616
419
548
688
689
159
524
551
438
926
926
74
591
693
612
217
999
571
207
178
514
357
32
44
671
401
742
669
949
106
178
494
781
737
915
53
368
128
908
63
519
540
470
334
463
172
508
213
556
794
614
907
332
517
93
834
153
5
518
92
30
319
674
255
825
131
77
947
165
286
380
87
848
546
33
260
459
878
585
398
172
846
840
858
461
494
909
3
534
603
870
628
826
371
345
883
825
375
831
907
835
113
998
11
2
580
514
115
102
99
173
85
119
42
215
790
614
202
797
963
244
303
469
422
552
527
420
800
349
38
941
710
562
139
280
164
443
140
592
170
398
972
164
650
520
323
495
199
117
388
70
765
110
312
890
27
253
89
884
94
490
959
367
175
644
331
589
27
857
869
273
323
832
665
717
557
6
360
716
739
221
643
51
934
324
846
769
650
419
207
803
170
140
974
750
211
427
718
773
689
744
94
684
959
617
829
203
626
614
894
306
902
663
653
334
552
657
289
232
635
858
951
903
643
520
885
143
125
487
272
51
558
262
612
114
66
189
283
404
551
942
344
438
944
471
709
298
589
924
608
559
203
821
626
390
482
958
686
990
166
72
38
151
314
315
722
314
599
956
960
972
677
554
648
635
62
29
456
868
489
703
10
103
446
373
342
29
409
916
34
360
335
777
513
698
123
893
519
32
94
294
99
117
15
632
367
630
821
381
900
528
3
298
856
460
562
13
827
469
543
273
979
425
431
486
278
853
90
668
422
818
533
795
686
568
515
880
28
472
830
795
666
586
268
956
823
890
344
548
499
815
295
845
931
198
354
554
877
197
969
830
965
56
457
762
149
767
583
678
730
879
668
571
500
684
145
331
311
980
923
216
780
459
512
174
885
506
658
240
944
874
122
177
831
268
332
958
298
319
859
480
986
847
64
99
21
561
799
204
108
570
753
54
667
149
876
546
897
228
351
395
588
973
725
461
140
652
161
603
517
698
229
476
824
508
320
173
734
68
532
444
299
916
853
525
544
316
549
276
807
774
950
392
20
170
229
974
983
879
350
619
211
189
101
490
139
232
990
545
275
428
867
226
428
113
294
388
255
653
64
234
211
816
778
316
432
614
62
392
209
136
823
132
490
96
923
131
284
989
806
739
925
750
882
499
909
763
943
818
417
935
477
624
685
270
519
393
129
65
595
864
464
417
383
211
122
185
956
203
927
950
855
106
357
790
790
697
688
891
445
781
991
98
757
11
260
528
21
680
906
281
345
352
471
73
330
874
714
392
290
354
144
348
6
139
649
969
775
710
152
120
468
656
96
561
436
600
146
940
342
995
684
656
432
224
570
600
322
328
164
765
120
979
769
580
587
30
531
628
74
94
291
83
191
105
80
803
500
767
702
541
60
105
381
109
292
95
506
688
492
471
349
670
263
375
995
567
308
479
894
546
309
544
112
96
41
197
834
191
539
831
664
40
816
157
49
221
630
916
462
511
811
636
66
240
928
145
219
361
445
752
545
701
70
602
295
79
686
778
360
47
139
89
616
43
123
366
251
620
630
314
344
271
702
588
228
74
740
849
142
998
261
995
211
284
751
630
109
718
271
96
592
984
529
90
714
543
415
948
692
623
415
188
320
997
904
774
304
187
8
907
118
606
683
791
794
959
629
21
568
890
908
670
459
471
478
167
661
643
345
306
98
121
752
542
608
583
587
818
12
211
244
756
756
761
233
970
876
378
200
665
847
332
417
415
202
665
436
211
929
545
345
460
345
718
9
582
505
84
718
267
262
847
938
251
759
97
199
667
474
944
760
670
943
554
313
10
946
485
935
701
234
777
420
738
841
117
368
56
680
261
671
591
346
562
573
316
35
156
68
634
43
821
239
321
580
15
46
526
515
934
230
986
257
674
205
706
155
761
280
843
708
374
95
426
385
539
901
852
36
501
197
797
736
199
284
298
377
539
491
291
496
678
198
806
621
112
261
355
895
716
170
793
855
226
25
76
16
882
460
888
360
66
743
70
901
807
592
146
257
981
688
20
564
868
481
78
115
490
635
533
843
812
403
820
114
457
251
256
338
61
345
983
602
770
839
409
845
674
493
986
108
151
828
179
40
218
882
918
161
957
654
633
329
31
482
243
493
90
927
91
103
614
229
881
447
367
20
125
831
142
782
480
690
981
494
613
717
329
12
924
548
898
982
525
863
142
515
376
551
318
439
364
159
99
635
415
26
553
903
444
336
131
803
53
806
942
153
416
921
264
185
701
395
664
916
740
18
592
917
368
182
559
516
10
142
289
452
658
508
328
108
312
558
647
784
352
701
717
890
51
834
373
561
641
384
551
946
908
554
640
370
294
652
739
600
865
418
630
712
328
951
596
441
462
168
551
415
966
734
115
403
727
55
368
544
952
226
37
549
440
803
748
34
498
887
843
452
664
277
934
603
441
403
25
315
717
316
565
685
391
282
243
236
17
424
652
428
935
389
256
246
462
296
217
998
181
6
707
23
285
373
334
747
214
247
151
432
552
884
541
965
244
905
926
274
730
83
886
290
511
73
737
899
1
645
76
996
244
112
61
565
251
419
480
714
221
801
740
705
906
995
968
338
731
753
374
479
36
799
823
139
4
427
381
269
419
671
217
358
378
321
823
999
472
126
994
799
789
167
385
440
236
763
740
186
363
232
100
880
836
528
377
308
163
31
691
810
100
784
785
224
402
54
644
522
245
398
166
36
661
331
372
757
832
302
163
18
919
913
92
813
384
233
953
101
446
612
260
729
378
615
817
996
861
572
702
478
499
776
906
472
891
508
781
271
373
979
223
559
664
692
227
407
161
953
18
689
546
24
495
282
729
892
125
52
858
760
746
471
295
124
946
689
4
744
843
17
739
918
96
79
816
203
948
329
992
118
928
254
167
466
602
326
202
574
438
700
152
166
387
726
571
580
285
569
394
762
548
627
69
758
911
976
259
477
175
770
427
117
3
388
56
961
820
125
104
230
790
388
495
282
648
707
138
741
896
322
979
63
500
758
70
652
762
611
511
856
477
682
352
116
853
733
281
75
896
396
933
666
152
159
224
89
750
980
931
108
670
749
107
274
26
765
581
530
974
389
937
151
493
270
873
127
953
882
756
895
822
617
567
807
326
365
101
833
164
325
501
781
619
769
705
746
528
633
374
597
609
94
220
57
596
734
426
322
466
520
24
247
815
572
693
828
81
618
406
70
899
104
767
397
329
184
687
401
94
150
224
91
238
470
71
809
818
251
158
601
321
823
281
177
546
160
496
532
538
1
274
946
49
873
10
326
653
704
602
835
350
335
210
288
945
57
199
99
13
221
547
414
537
101
656
666
624
440
592
981
812
530
289
735
585
248
119
110
669
214
542
663
571
114
278
755
595
269
523
231
281
753
271
820
799
696
741
612
330
938
210
374
896
854
326
626
402
14
93
159
876
298
292
118
36
249
53
858
344
733
642
537
635
404
332
813
281
124
367
48
590
193
632
180
800
220
636
760
609
499
782
691
642
5
736
903
630
512
893
512
402
866
549
37
917
172
431
884
724
476
633
618
215
567
874
516
938
677
194
512
77
178
890
924
910
875
509
284
709
112
204
192
50
713
596
348
971
728
584
840
758
55
185
300
379
289
619
775
770
536
283
31
228
544
216
520
144
204
899
444
198
375
995
183
894
29
711
847
63
913
999
871
483
282
743
379
350
760
405
511
682
76
342
27
83
219
157
277
533
569
3
77
953
667
692
86
388
608
862
82
543
473
197
867
285
832
882
672
473
106
60
564
130
505
49
801
557
321
450
72
433
595
128
241
364
572
193
577
587
871
776
433
772
49
382
989
921
35
55
3
398
977
383
441
26
165
669
538
998
74
173
50
79
979
448
453
215
320
183
404
167
698
901
23
287
417
67
481
838
522
878
920
568
600
80
949
374
993
639
841
983
676
990
71
525
757
900
42
787
461
687
649
684
508
626
879
218
976
940
739
748
116
653
677
942
81
951
71
160
224
415
513
366
414
646
399
850
827
346
740
216
795
885
230
87
595
744
343
962
489
994
631
459
981
150
454
983
959
320
97
488
357
556
601
566
23
721
648
606
717
971
540
99
548
170
654
482
710
166
735
97
69
891
63
942
16
633
827
889
1
724
4
968
354
69
674
113
306
620
968
518
610
938
788
353
795
455
26
144
894
893
260
555
424
590
794
663
504
138
499
71
261
845
88
356
104
0
365
445
995
821
494
436
610
289
533
317
142
737
303
780
561
226
174
39
339
217
507
157
0
4
268
884
379
697
841
437
131
272
154
946
867
378
37
532
264
102
129
110
650
903
793
40
832
234
192
691
422
186
124
848
486
649
253
614
132
55
81
168
548
779
407
246
105
659
23
754
333
893
79
240
12
793
920
282
116
470
148
13
88
573
374
130
758
599
366
706
234
147
333
61
268
725
658
762
916
353
687
525
812
269
136
459
981
503
219
583
944
936
913
33
801
736
611
691
77
766
38
243
395
584
461
825
462
215
147
490
396
707
519
690
201
828
650
866
44
954
599
4
54
300
545
730
566
190
881
87
62
977
191
681
614
545
543
249
266
96
610
54
640
31
950
721
26
320
171
270
352
694
842
101
720
362
712
694
659
727
237
566
837
752
461
832
736
212
3
345
739
48
309
994
107
442
299
164
606
43
291
789
894
961
360
685
337
767
344
53
628
785
313
148
424
332
673
88
252
456
994
731
72
924
320
317
238
859
966
341
79
500
749
715
927
990
202
840
257
975
548
638
522
78
133
944
393
957
566
912
353
769
22
271
45
343
72
284
318
256
869
298
669
302
775
611
649
576
305
184
866
472
770
403
389
462
185
735
752
397
762
562
227
449
833
963
735
528
131
457
589
151
142
7
206
320
692
677
129
882
1
379
922
241
205
93
8
57
734
797
97
726
994
76
615
39
535
75
477
398
235
993
615
361
76
816
899
90
761
347
480
498
772
895
135
474
457
164
882
623
392
976
5
354
579
502
612
5
984
535
66
911
581
190
899
992
308
150
356
464
283
153
291
751
255
27
2
540
450
950
478
178
935
11
680
303
138
382
718
673
410
565
219
649
364
277
743
693
268
458
851
516
946
828
298
264
495
150
889
198
594
86
712
872
369
114
849
736
576
478
140
416
302
574
285
667
558
458
364
147
868
417
849
694
425
663
316
768
454
238
364
67
188
174
695
109
249
788
908
736
299
761
343
86
532
292
198
576
956
211
260
823
448
380
776
224
228
112
412
156
760
623
781
338
89
700
714
921
246
910
316
335
693
636
852
699
736
157
688
889
454
827
822
967
965
77
36
760
796
653
333
802
716
10
111
742
619
208
478
585
963
52
240
789
842
426
307
371
948
956
740
609
589
205
198
857
434
564
285
294
854
889
185
109
556
739
26
767
725
715
606
499
4
54
455
109
509
104
758
501
477
709
297
72
324
898
410
293
628
425
950
303
5
907
354
329
946
297
235
117
393
381
363
303
291
856
484
841
352
273
225
203
35
811
226
35
84
404
716
349
10
221
0
154
584
884
688
614
739
81
61
439
310
429
652
253
632
566
996
89
403
400
492
999
119
415
517
20
41
711
223
365
935
190
965
761
750
945
925
333
986
410
279
278
770
313
253
840
535
790
451
798
791
294
164
743
644
74
749
904
654
93
755
200
86
200
211
482
842
268
362
627
183
792
197
301
840
136
312
662
282
205
998
281
711
838
967
814
816
624
792
756
452
152
965
726
167
944
454
278
971
438
789
220
779
429
988
755
769
322
78
549
239
385
615
996
654
975
299
545
268
327
770
935
69
111
699
573
851
394
534
113
874
59
665
476
935
987
275
192
651
530
898
933
427
876
511
576
877
932
33
912
436
255
265
424
535
360
611
130
965
501
439
608
10
607
540
714
522
604
966
426
334
828
451
472
343
519
766
107
126
709
569
465
190
928
775
424
806
249
27
790
935
145
567
946
907
535
738
763
379
155
329
755
580
110
237
919
18
32
230
657
613
804
133
515
716
204
428
195
555
131
59
448
482
332
255
22
764
633
277
772
818
764
335
424
480
764
322
245
343
826
667
50
237
200
333
566
642
414
931
146
206
660
971
245
558
649
543
850
299
632
53
274
382
567
234
342
114
592
320
14
634
87
151
901
57
591
958
2
422
751
784
177
220
329
790
572
546
963
201
214
844
63
262
487
841
723
390
46
458
977
638
1
448
99
712
890
19
868
30
20
962
908
738
267
633
267
173
308
693
367
992
572
700
360
77
884
458
680
366
918
553
307
961
67
648
817
229
291
925
848
105
818
504
965
500
318
838
285
520
325
812
387
199
208
730
217
577
994
485
685
254
653
906
637
996
280
729
698
580
750
661
256
828
22
751
527
693
245
627
165
338
229
216
427
391
639
209
198
921
466
922
547
260
970
162
615
455
286
376
768
32
316
668
958
732
380
250
110
64
315
472
209
858
363
918
470
447
263
925
590
778
376
522
652
536
582
7
644
301
933
285
956
893
715
668
440
288
690
23
784
941
740
64
30
896
49
68
30
825
268
526
511
1
790
45
222
263
411
331
306
231
143
233
662
399
882
633
538
213
986
445
53
942
516
98
596
966
87
645
352
81
780
116
265
555
570
761
830
985
51
644
31
421
31
392
586
870
737
13
427
15
973
372
999
932
517
308
525
650
502
406
860
642
271
111
949
693
437
210
163
191
488
728
11
510
281
896
802
96
216
211
842
799
714
526
667
232
832
757
628
208
542
69
860
824
208
327
311
384
277
202
33
149
63
558
374
844
766
661
85
987
546
300
569
316
559
119
704
78
356
370
705
442
923
764
488
106
961
340
856
988
702
72
642
987
688
455
602
962
422
453
482
469
774
2
170
268
335
737
243
324
636
719
585
812
329
719
910
647
951
76
199
186
862
190
92
29
314
503
196
336
365
199
143
628
548
911
966
857
778
471
46
408
956
63
425
800
156
206
776
59
58
662
676
151
500
709
150
376
643
208
603
361
269
562
391
107
144
965
272
587
218
290
888
553
678
631
249
524
510
732
914
426
273
529
199
981
266
576
260
738
98
405
375
593
987
756
48
748
742
170
873
318
513
679
197
228
839
160
745
602
455
483
287
574
599
754
360
372
273
782
805
520
37
428
596
240
419
610
15
491
957
576
758
564
234
514
940
857
984
679
309
265
511
14
188
594
206
662
791
547
908
871
619
153
217
514
547
901
638
890
91
521
616
497
104
49
100
194
760
772
261
548
337
726
397
191
691
610
836
676
769
431
894
691
754
677
513
464
625
552
261
864
53
657
787
987
501
505
663
18
368
430
764
742
771
787
32
388
354
800
453
413
73
76
594
402
485
574
881
561
514
790
70
119
975
4
59
563
442
727
240
819
173
862
117
386
891
710
782
925
168
669
150
31
87
344
578
728
582
854
577
722
604
319
888
631
812
846
65
178
45
873
101
843
180
385
322
546
360
327
954
760
753
566
299
835
161
827
423
467
815
383
620
918
655
692
695
78
218
789
267
446
42
15
902
873
117
561
844
261
519
408
545
435
817
456
956
118
218
27
783
238
721
468
509
826
722
296
3
412
624
163
979
115
8
942
367
619
831
403
957
827
929
269
240
266
845
942
514
263
603
784
691
494
614
692
187
750
322
596
482
674
562
660
647
790
841
212
229
340
921
833
330
341
167
644
658
785
61
531
605
89
200
950
121
771
849
996
262
773
851
621
823
61
243
236
381
907
494
453
408
725
627
393
872
480
866
794
847
434
619
161
257
456
779
316
799
197
338
10
466
174
256
705
871
246
379
250
726
958
959
915
449
27
970
198
821
538
15
872
36
506
56
965
294
107
608
791
261
242
305
637
376
88
950
476
986
940
259
866
696
962
494
271
205
439
133
149
82
717
496
539
628
339
995
298
990
767
308
826
161
728
305
888
377
415
987
93
675
716
74
695
53
191
109
670
773
724
109
387
823
658
886
827
448
756
92
0
972
498
960
94
834
83
486
964
879
983
474
738
457
72
496
691
829
143
294
40
679
98
578
3
315
228
493
254
242
759
237
924
375
290
460
414
105
841
99
587
782
959
245
357
989
750
497
295
110
763
2
635
309
356
52
998
16
560
654
188
419
472
4
702
245
914
126
928
345
404
263
584
193
510
777
643
436
303
427
834
65
922
882
843
599
255
260
485
923
332
280
458
55
331
353
765
188
19
555
528
785
40
975
722
392
714
362
280
94
912
342
163
217
136
756
231
964
142
786
154
152
311
646
226
135
529
576
617
282
482
729
537
74
145
378
790
45
720
521
432
261
453
575
565
981
542
355
853
487
833
956
975
786
133
441
92
53
706
504
353
220
5
372
626
85
740
268
930
674
162
680
481
363
819
561
891
436
119
297
798
351
747
977
159
964
344
53
468
356
895
949
430
723
965
556
1
983
234
858
222
370
818
82
17
319
478
918
957
353
166
322
993
525
282
325
364
220
681
123
181
743
710
410
689
186
512
558
825
524
423
794
516
757
520
959
76
170
300
765
194
478
21
770
255
697
446
380
153
77
614
332
349
314
790
23
621
585
917
964
893
624
746
415
518
215
318
952
631
947
619
301
539
56
39
313
591
460
736
316
706
882
125
447
485
62
494
758
894
629
173
29
564
163
793
265
117
337
891
779
331
795
552
631
580
612
812
941
754
746
271
239
770
906
751
615
869
625
838
870
118
165
839
282
932
45
54
858
975
650
204
152
488
342
565
837
954
976
643
185
37
511
168
573
876
675
868
907
158
281
693
602
868
829
145
382
256
512
932
687
354
582
423
951
319
327
293
309
993
567
272
608
335
668
174
700
792
569
223
113
251
194
225
134
954
952
335
223
638
696
989
492
204
672
78
635
435
466
605
316
616
915
849
527
437
275
547
843
230
656
726
784
404
913
585
779
944
709
269
295
946
436
457
770
490
43
467
920
578
576
923
830
479
443
156
4
586
966
182
211
807
790
483
527
594
119
857
440
929
527
269
285
994
333
993
534
783
111
325
691
614
950
786
608
367
495
80
68
273
635
994
380
252
944
83
547
132
619
244
306
548
737
220
938
967
61
679
333
85
556
729
174
766
975
674
509
839
613
342
204
295
377
550
934
864
806
134
447
531
599
514
802
257
475
919
162
99
928
281
510
918
536
264
354
111
6
69
74
128
67
463
80
54
664
941
352
220
620
49
262
614
114
694
791
851
837
671
380
597
681
753
713
653
151
430
645
315
487
774
352
282
631
994
531
109
785
920
146
132
274
81
764
886
842
8
25
230
286
138
145
822
572
991
665
96
163
305
809
621
327
484
970
563
615
985
788
978
530
280
248
857
642
611
997
141
74
72
840
427
296
442
990
713
662
839
168
318
956
459
123
91
514
598
464
88
140
713
963
189
123
479
650
552
175
686
75
330
967
336
114
871
265
506
535
463
383
343
371
742
758
108
799
96
997
290
851
729
665
652
776
585
407
527
286
987
743
797
227
675
39
778
459
911
664
661
847
448
350
257
283
471
102
532
655
50
799
824
455
256
773
697
540
869
280
111
177
497
724
927
87
35
915
842
680
588
439
487
42
404
414
796
532
877
547
734
30
406
396
125
981
735
189
642
390
413
377
976
814
195
343
826
243
515
325
635
466
653
666
918
146
851
978
644
380
426
637
349
956
890
335
592
844
169
66
896
767
306
8
555
796
426
270
555
27
334
351
367
347
837
457
586
196
771
554
203
987
771
121
807
575
995
107
169
738
399
510
464
147
656
338
851
721
478
453
266
559
940
925
43
892
373
107
423
603
537
571
107
921
75
420
745
812
713
270
660
467
244
359
166
24
143
827
563
318
540
212
246
43
374
573
409
156
769
504
507
753
85
439
968
922
603
340
667
287
534
821
296
18
902
212
112
140
819
911
468
841
908
580
193
312
879
417
138
389
823
777
161
864
348
853
385
915
546
40
853
490
677
816
557
884
590
706
428
969
162
935
53
701
442
894
760
617
773
418
278
974
896
202
304
97
923
357
200
272
113
244
525
197
582
244
232
644
444
45
225
445
375
343
390
360
280
635
341
676
556
873
944
638
435
357
47
908
7
152
1
325
857
711
254
140
652
150
742
783
664
778
826
947
941
108
269
461
788
519
100
965
279
165
255
896
739
520
543
654
568
154
874
128
262
952
624
926
239
3
708
771
906
828
239
527
420
418
579
222
776
840
266
263
154
759
532
753
985
327
85
453
776
307
416
472
575
188
139
205
882
325
762
388
929
771
878
395
508
611
934
72
947
55
663
447
421
448
741
656
491
675
455
289
673
139
982
145
887
576
390
90
801
554
622
295
496
360
543
647
331
359
557
537
615
632
497
533
464
849
179
690
244
873
523
367
109
574
194
445
470
666
460
825
634
175
404
864
509
312
636
249
2
103
408
379
655
136
397
972
171
154
422
32
666
45
94
720
911
991
693
946
356
123
592
704
423
85
192
252
415
325
639
266
420
737
562
983
715
572
694
195
551
123
517
649
637
788
9
68
313
534
148
505
174
689
91
242
858
220
854
726
845
365
840
347
324
542
844
997
673
973
962
404
596
336
421
250
763
70
491
920
633
669
506
530
227
401
496
591
765
424
110
234
509
193
299
454
593
375
702
216
345
247
802
618
400
683
696
484
898
386
747
935
200
997
503
490
833
56
981
211
844
573
851
240
349
139
78
842
799
95
343
724
443
259
881
969
516
116
452
393
916
160
813
525
528
311
411
678
900
928
24
788
658
946
702
788
925
135
713
294
5
256
110
277
782
181
213
238
578
647
537
108
727
400
655
713
745
908
51
223
767
730
311
402
875
848
846
836
66
991
937
600
824
38
112
943
741
75
699
660
160
592
982
804
554
601
516
239
272
147
40
357
278
835
905
949
755
479
84
824
766
923
655
290
714
430
105
992
969
738
914
960
891
69
690
897
446
896
517
917
744
257
304
920
125
739
650
807
887
61
158
507
326
334
166
613
534
669
620
30
340
794
139
647
822
744
382
497
56
463
504
241
191
400
826
130
420
776
838
756
186
208
315
24
752
839
635
772
342
918
345
387
169
31
651
564
36
832
787
102
655
174
146
241
464
979
655
591
540
85
114
147
123
544
127
223
400
545
823
402
450
209
753
758
660
993
257
677
517
340
85
558
407
503
285
591
913
197
160
559
199
828
643
322
220
583
556
243
872
579
53
303
726
619
984
87
622
824
80
118
261
565
602
249
887
676
534
964
309
867
532
452
789
652
517
280
788
844
274
330
160
867
440
422
142
711
972
708
425
354
599
484
640
843
745
555
854
75
126
638
27
472
544
614
957
407
419
599
916
227
228
921
42
161
360
84
579
216
828
727
205
443
928
377
20
544
205
548
268
892
12
354
467
473
552
327
443
109
532
603
709
634
457
961
729
319
176
474
879
967
467
669
324
571
358
198
619
318
389
944
564
33
210
423
737
872
752
76
161
162
701
782
780
840
162
485
760
831
210
364
144
84
491
356
80
679
142
192
627
596
120
301
170
268
404
78
573
17
682
57
531
818
845
461
988
617
22
440
144
601
971
103
290
410
315
50
662
260
529
744
569
334
574
472
278
638
791
86
520
666
982
946
62
894
616
717
426
104
761
759
763
970
620
840
848
195
552
842
359
697
53
918
918
11
478
304
866
107
184
603
359
292
391
905
188
740
312
553
660
433
967
689
9
0
705
11
17
27
636
284
18
859
66
256
957
877
547
588
968
466
354
277
782
649
13
851
347
453
38
309
224
593
156
366
685
998
124
69
964
22
711
281
754
938
528
817
900
447
179
258
192
483
634
608
318
573
809
962
318
342
115
339
350
564
93
636
149
297
355
462
375
257
750
230
903
541
38
476
249
251
397
845
495
312
765
554
512
49
364
447
800
646
746
923
964
676
358
136
710
283
928
871
260
451
945
404
236
30
127
466
413
830
42
171
198
141
997
386
351
517
882
554
248
500
919
444
924
243
162
616
272
673
148
684
3
904
330
589
414
115
786
168
571
985
213
307
262
99
434
796
941
434
447
832
954
148
578
796
508
425
417
514
230
44
69
736
662
680
665
977
693
692
260
163
784
269
964
767
804
406
636
252
433
78
527
648
382
411
25
66
153
358
53
783
619
612
719
281
525
42
563
299
889
935
77
517
364
741
240
960
873
780
466
607
198
615
726
945
750
402
589
440
446
520
581
965
502
260
571
232
908
133
871
216
581
639
342
333
483
958
76
892
462
88
188
951
260
405
792
257
861
493
532
382
364
359
918
515
625
815
268
635
206
917
301
951
569
806
264
539
41
221
35
112
788
249
820
721
965
558
870
974
191
529
209
48
758
157
446
378
303
577
599
408
199
359
309
186
585
490
950
936
778
79
902
917
806
389
724
58
913
752
9
850
216
296
487
955
97
162
338
816
572
97
717
315
602
859
224
189
248
888
437
488
642
70
625
801
980
244
465
411
133
285
913
768
1
234
395
902
459
952
118
478
585
209
618
202
866
942
627
212
274
676
979
870
397
717
510
151
309
811
901
394
510
387
950
753
27
406
45
138
764
61
482
729
250
301
861
480
227
185
987
119
932
605
584
259
492
782
660
204
591
254
536
892
461
782
406
235
280
711
789
779
269
850
366
224
134
851
546
850
14
408
532
281
755
340
800
380
175
757
672
240
945
57
118
421
862
493
988
560
577
351
627
481
302
629
259
736
606
199
532
290
198
105
387
712
495
551
748
797
856
612
573
40
586
427
489
730
227
905
579
754
157
549
876
355
257
28
777
224
227
580
914
286
190
129
946
454
334
253
412
462
720
795
18
578
838
945
678
660
131
76
245
536
509
510
71
139
829
623
476
168
405
401
748
309
899
629
509
217
337
395
176
504
594
476
731
978
413
473
258
247
890
290
490
578
454
641
137
615
505
804
919
135
283
766
20
553
29
231
160
266
166
708
604
273
61
45
196
710
923
305
938
85
487
873
757
24
483
14
792
277
303
898
996
610
888
260
874
910
635
475
891
560
34
788
483
640
822
860
599
43
658
572
415
927
745
250
188
243
334
85
210
255
762
542
489
70
525
973
84
208
918
498
993
136
917
439
106
532
311
243
23
742
600
894
469
542
760
257
624
852
831
658
936
477
179
305
891
308
423
780
778
686
286
972
675
753
5
268
806
735
561
727
888
21
698
283
318
823
574
694
865
972
963
99
41
93
99
558
474
9
632
868
409
729
648
283
949
773
417
518
747
931
318
553
645
743
389
297
210
143
102
142
170
741
216
804
539
142
58
601
602
575
165
518
983
850
968
969
762
303
156
167
957
995
401
420
718
868
364
445
276
963
310
20
14
81
161
915
44
470
568
28
306
200
398
129
531
919
70
406
371
581
318
263
614
538
323
476
694
155
593
835
625
683
640
893
95
707
283
287
682
904
355
356
92
195
712
498
830
648
684
739
974
614
547
519
583
703
150
572
769
113
591
85
698
755
688
33
584
389
64
698
254
662
853
892
18
566
388
348
380
316
754
69
595
65
747
150
203
206
618
754
439
198
944
470
861
37
131
229
636
469
320
323
646
31
942
857
4
834
758
108
627
758
984
887
207
394
39
965
322
630
496
11
441
266
76
328
256
397
902
843
139
619
778
443
488
280
935
760
402
114
593
938
435
594
644
758
114
241
968
711
582
975
201
275
947
273
268
713
901
573
621
127
722
857
913
415
69
831
817
16
816
441
754
12
811
705
619
257
584
65
960
657
957
441
661
664
8
225
935
298
36
278
264
774
11
807
32
886
495
681
738
822
163
340
85
41
879
974
714
149
725
35
32
445
539
483
431
983
240
375
137
529
723
556
100
735
129
216
602
259
103
63
749
275
998
657
561
56
101
258
200
833
618
164
750
168
574
98
56
467
776
680
360
27
695
388
857
273
457
711
839
408
118
373
793
749
76
632
679
434
755
628
623
15
694
698
437
724
747
372
686
782
447
494
527
244
454
552
158
274
635
815
536
647
569
335
943
514
170
223
108
174
656
843
851
653
364
754
629
396
718
270
940
269
237
522
274
362
620
724
192
809
817
210
151
942
447
420
892
606
141
682
582
431
128
87
375
133
903
205
785
699
912
688
19
442
963
20
470
450
530
839
643
943
179
249
132
379
117
518
692
954
254
382
46
290
230
946
866
709
575
825
243
470
549
737
73
737
227
245
987
868
84
694
866
790
669
718
512
879
977
851
743
749
744
889
53
795
230
644
971
187
15
666
433
206
935
296
813
507
604
155
718
915
847
808
314
828
17
849
729
166
375
149
33
67
635
289
407
230
329
520
368
858
859
705
328
658
997
798
376
267
84
359
853
738
396
525
216
458
985
584
718
977
762
63
626
740
807
764
61
643
629
763
67
681
624
728
157
670
68
279
439
197
765
317
393
482
921
373
501
808
876
87
243
536
112
837
403
480
314
415
259
627
366
392
962
723
838
466
360
271
923
673
583
884
798
789
926
696
68
669
978
802
287
505
474
262
574
227
51
249
949
339
936
349
375
485
631
837
416
986
800
15
66
350
910
321
576
541
644
983
43
377
759
461
114
982
828
741
391
670
301
882
65
953
361
825
820
667
392
603
299
327
217
573
267
916
902
153
175
287
616
907
960
210
939
465
806
924
46
938
56
700
416
960
638
571
32
452
163
834
599
508
322
386
936
570
347
253
540
177
54
894
307
141
437
995
522
966
871
506
529
664
726
621
934
931
591
227
821
785
390
139
199
380
354
60
830
681
213
816
666
84
988
833
347
878
446
269
598
645
633
442
920
293
882
424
656
480
353
752
375
564
485
221
531
79
673
631
521
970
147
173
599
461
266
875
556
478
412
144
766
18
232
991
937
724
239
955
883
157
683
96
753
995
151
690
376
423
597
403
844
479
340
805
995
37
134
46
209
371
562
409
818
4
881
225
457
603
910
337
908
242
733
909
328
275
788
854
264
378
362
591
551
71
678
142
967
175
482
823
563
217
523
889
659
727
374
536
848
782
814
634
754
872
371
360
929
373
712
704
22
492
255
458
271
518
779
863
446
629
792
588
620
302
169
46
487
578
837
405
552
41
341
776
163
412
741
216
240
58
631
143
576
579
994
703
717
847
279
441
796
529
328
324
154
196
724
844
219
526
734
410
919
50
257
724
835
75
86
167
442
175
369
468
4
652
352
101
146
924
370
929
676
641
579
570
977
653
105
849
169
676
121
491
287
583
872
888
919
798
813
399
108
176
840
103
835
109
45
384
64
302
580
12
158
851
949
617
462
767
527
588
972
78
154
461
321
991
447
800
752
359
812
420
354
899
268
579
606
170
857
389
186
307
818
299
91
923
704
960
315
374
343
152
764
791
841
772
589
911
857
30
846
753
21
138
229
591
665
766
658
555
21
434
645
377
652
863
711
490
160
998
589
707
154
60
606
184
46
524
401
235
498
355
129
813
244
182
362
194
552
353
191
427
847
965
446
662
850
40
509
303
128
985
964
294
147
356
162
505
747
728
886
323
457
180
433
82
222
480
858
866
935
582
567
570
608
439
178
852
166
470
346
726
604
230
257
120
699
974
628
685
540
822
331
475
911
204
237
936
944
83
444
764
525
228
856
825
660
465
970
280
371
392
812
488
716
545
202
23
227
338
902
397
393
429
761
638
801
341
650
951
221
240
863
72
215
830
645
777
833
185
701
255
547
188
848
673
909
948
465
350
280
221
20
370
650
376
772
380
732
890
657
534
497
725
523
276
804
172
85
688
51
922
455
654
618
176
604
975
395
610
916
860
897
854
825
946
288
949
613
101
142
950
603
788
923
409
385
698
965
18
195
680
219
57
232
766
136
655
555
187
841
61
148
878
196
278
898
886
421
412
524
500
709
92
934
636
669
90
119
266
476
89
411
173
349
176
902
381
319
198
866
956
313
634
252
697
231
951
733
438
54
766
310
291
11
279
188
194
492
562
490
552
690
297
391
566
942
449
419
128
337
198
6
772
466
167
832
235
84
609
164
639
90
764
185
169
444
30
232
392
559
946
9
43
258
225
65
174
615
276
273
72
848
660
613
223
991
956
278
932
218
367
43
877
583
171
845
26
375
846
751
847
505
261
826
673
103
861
937
413
984
170
203
548
783
243
606
485
301
951
288
908
75
78
164
702
243
282
808
416
557
872
991
984
760
251
878
599
646
575
639
230
794
892
150
257
382
559
552
76
481
209
636
366
921
940
444
883
193
676
993
271
791
821
742
409
109
462
282
231
276
355
727
795
294
847
470
605
484
714
277
845
473
593
192
243
950
351
345
722
969
238
555
868
835
140
583
530
514
563
981
510
76
286
739
429
875
715
387
293
58
102
733
227
523
725
197
116
629
16
555
606
782
416
967
43
565
429
369
430
178
925
640
437
798
282
494
792
942
338
707
159
990
447
114
735
873
180
779
353
297
303
910
826
16
735
354
657
390
114
971
991
865
443
793
850
83
69
642
316
48
865
770
267
124
103
213
710
701
943
724
519
16
851
578
627
988
560
76
315
908
359
261
260
466
615
236
451
935
412
470
890
273
131
662
252
543
591
45
314
316
105
498
25
666
425
477
526
949
107
559
327
820
242
360
78
819
863
673
88
449
601
950
796
854
301
671
905
105
398
705
782
598
814
519
37
297
22
958
866
343
711
379
927
90
169
117
948
771
111
612
282
779
181
44
893
67
754
996
19
233
17
485
917
693
476
673
624
726
229
730
629
306
332
598
739
358
545
858
158
500
611
512
4
367
932
251
48
350
223
705
476
948
244
238
835
953
205
87
165
386
829
35
491
428
320
341
489
598
693
367
153
81
13
175
702
411
103
415
826
693
182
943
591
157
721
992
966
130
523
153
2
423
656
80
137
753
432
637
978
33
23
130
159
304
698
396
585
594
892
771
422
258
481
387
701
188
730
813
298
818
310
789
339
48
704
706
818
34
87
493
289
293
448
824
50
739
346
852
145
53
176
250
844
266
239
961
5
575
236
922
874
143
4
972
402
132
481
320
159
240
885
234
260
826
58
55
477
57
765
257
940
606
496
30
350
124
978
787
657
97
182
58
543
712
52
498
836
58
617
73
223
311
367
83
196
562
37
347
233
594
967
747
619
225
285
340
133
805
11
395
106
63
32
90
952
796
611
7
365
817
719
281
816
161
28
993
836
823
828
381
882
170
489
534
202
758
352
505
253
476
80
185
685
846
567
886
796
781
493
255
689
357
480
108
47
932
581
735
570
481
559
488
625
158
972
797
608
903
612
255
823
384
245
130
454
672
926
421
314
854
375
630
639
185
32
488
143
504
465
223
902
375
705
383
427
798
986
827
434
436
67
275
444
978
19
733
293
656
903
148
38
950
237
927
583
209
556
304
500
244
615
106
168
966
13
158
383
765
103
426
981
675
39
4
890
294
760
243
235
86
488
608
786
943
74
366
78
844
136
814
1
15
469
593
501
253
666
519
348
991
223
550
537
216
651
688
39
585
302
104
66
959
662
295
914
84
838
862
772
355
866
331
568
426
233
541
47
930
706
276
802
725
151
205
898
895
557
685
63
197
851
667
160
772
444
771
809
702
640
549
558
459
206
143
980
345
395
787
432
802
699
84
977
856
419
594
155
20
925
11
857
703
116
151
571
551
180
29
639
139
204
546
978
172
589
697
923
645
482
730
474
442
657
429
226
479
366
508
715
840
669
147
729
281
699
844
376
143
88
108
348
945
562
981
874
907
280
19
307
215
80
164
154
103
206
869
645
711
456
978
583
271
929
88
332
344
733
567
263
749
57
959
904
322
8
258
297
825
477
398
822
212
92
362
828
880
5
524
948
759
860
165
891
868
802
645
845
418
770
378
373
712
683
556
796
812
295
582
653
433
672
306
749
567
253
410
696
121
414
816
587
239
279
507
671
50
324
997
415
278
919
535
391
549
571
262
781
245
89
727
111
430
254
578
20
740
892
786
512
88
414
453
124
742
17
119
892
574
705
493
835
320
230
697
886
244
870
444
882
926
665
55
256
809
370
842
525
722
942
198
559
869
777
674
852
649
310
430
731
254
803
704
483
196
337
388
903
778
77
336
632
83
861
789
990
204
27
187
674
296
207
662
855
536
481
738
670
203
896
85
103
943
862
723
504
694
343
703
804
919
73
153
576
554
276
533
687
488
450
99
206
536
874
840
625
559
385
657
204
826
847
91
443
749
492
721
246
863
956
266
356
256
421
456
12
731
720
42
597
623
689
631
248
564
273
620
17
469
141
195
178
680
638
206
729
512
897
743
942
399
883
435
77
485
906
767
995
756
916
243
498
760
476
835
625
556
891
948
63
763
370
98
35
493
475
591
763
527
361
764
649
272
458
768
820
948
337
431
578
957
448
503
598
581
328
434
420
995
636
915
901
70
74
590
814
621
872
704
701
519
977
989
428
604
539
721
620
414
580
734
312
546
962
155
694
908
909
753
783
177
347
87
235
562
310
106
265
365
471
442
827
864
628
405
782
804
639
614
782
121
860
262
994
560
619
264
568
543
631
893
989
965
560
87
54
613
108
289
229
544
123
543
587
66
221
584
338
942
319
833
221
57
305
520
660
50
790
647
644
369
514
157
752
796
519
432
599
712
638
223
252
306
209
224
860
476
166
732
785
384
821
295
56
502
733
793
836
527
10
147
892
701
292
732
780
933
438
611
575
621
630
923
464
197
217
81
494
271
107
993
53
666
959
148
447
806
704
265
36
655
176
152
980
882
766
607
587
972
14
424
621
790
46
79
697
482
567
237
78
673
907
1
754
633
256
736
688
432
807
375
503
189
0
364
677
133
415
760
552
597
191
558
22
18
992
37
857
707
687
730
975
427
876
681
862
808
329
801
549
241
211
440
212
172
706
822
509
652
252
575
227
581
171
428
678
359
893
49
549
521
336
164
597
519
254
299
649
30
530
946
862
25
452
514
116
376
982
169
658
959
926
528
901
46
679
250
317
291
911
750
946
741
180
605
937
155
940
767
870
330
835
340
369
295
483
504
639
991
180
178
119
500
85
104
405
968
473
386
964
119
611
910
914
669
619
723
342
982
478
193
197
64
976
677
806
320
963
534
430
574
767
516
100
493
975
983
172
924
108
916
653
643
884
411
381
661
862
190
545
564
286
682
904
288
832
386
248
406
805
559
353
234
23
771
680
26
303
461
550
109
949
478
397
64
111
495
960
944
248
324
946
99
135
391
801
393
70
83
697
441
965
229
739
82
991
716
708
405
341
127
358
579
432
347
400
149
587
252
823
682
826
986
132
404
884
825
420
981
26
286
928
674
493
6
881
915
683
836
957
758
281
794
698
765
579
772
526
641
187
353
822
294
178
726
663
125
462
395
446
997
848
370
572
754
819
523
781
167
520
92
530
874
843
671
12
223
761
555
13
916
286
49
859
23
496
173
98
224
96
217
407
110
881
774
463
16
304
202
147
94
44
948
512
313
132
792
395
639
707
886
437
902
927
401
510
753
905
691
271
692
792
162
603
339
305
459
227
18
29
120
643
221
858
637
869
744
742
692
151
86
770
427
932
232
240
777
899
72
37
263
824
528
74
161
296
937
24
619
123
325
842
117
382
33
831
681
611
552
117
334
605
529
439
642
655
663
114
583
815
596
862
644
981
964
955
755
139
517
802
636
131
547
649
168
674
918
549
666
183
681
151
288
162
576
102
383
499
730
111
262
89
532
756
755
576
933
176
896
865
436
654
289
299
623
961
989
24
356
14
259
131
736
50
154
615
488
56
721
59
662
637
525
214
497
833
326
337
797
684
1
219
422
477
212
327
362
687
909
380
367
592
479
994
331
436
239
708
431
775
30
852
540
364
844
215
586
514
796
407
319
365
253
144
454
947
604
412
221
176
980
629
199
217
217
467
684
704
488
943
980
416
320
779
710
894
191
776
685
356
453
130
889
25
150
216
893
647
181
338
350
515
340
343
272
838
10
795
472
628
656
637
877
589
820
842
445
682
28
608
47
126
834
70
994
620
311
325
863
461
392
817
871
66
833
776
372
121
57
435
925
217
737
240
34
362
811
110
853
200
542
73
99
127
368
299
944
740
526
614
876
212
870
78
419
269
866
115
88
400
491
953
176
825
643
885
786
532
708
933
39
363
141
53
519
773
274
918
844
339
57
661
720
546
146
711
926
680
528
973
512
874
900
182
859
501
123
203
401
128
393
411
521
191
188
78
546
413
702
840
821
715
190
917
578
70
602
754
656
264
955
136
175
60
99
621
959
602
951
381
830
185
801
107
884
734
993
693
550
406
135
815
491
746
37
383
420
744
681
38
494
944
940
562
241
494
147
91
910
644
341
474
713
745
750
17
695
234
48
80
853
449
29
711
693
366
588
554
624
514
347
773
480
391
801
629
953
676
621
638
942
413
634
961
636
131
25
779
663
552
525
934
791
150
709
40
450
299
14
596
857
201
789
394
595
70
492
628
321
278
133
685
684
319
218
554
634
448
709
144
52
830
4
583
32
853
518
737
205
42
215
785
211
642
382
648
800
531
971
515
65
585
105
438
7
1
707
263
946
357
771
691
339
413
473
357
147
714
210
192
284
94
627
190
575
71
895
938
317
956
813
903
810
205
785
537
125
188
369
701
21
81
893
793
128
20
558
217
425
27
596
521
628
438
267
608
269
764
946
908
172
954
71
315
526
12
518
959
947
802
800
645
772
667
558
830
309
158
20
618
941
796
439
100
761
273
43
747
925
922
713
292
974
601
394
674
221
347
273
174
671
313
854
843
79
503
380
658
472
795
489
641
871
565
599
343
17
995
299
664
613
809
893
999
955
734
392
56
882
473
403
544
633
351
816
80
549
79
688
324
565
278
454
357
63
488
433
727
12
429
618
446
225
143
906
454
257
501
246
686
672
270
674
982
409
556
832
480
516
998
358
32
805
499
506
454
853
658
433
73
366
309
878
147
102
728
355
192
466
147
575
181
368
187
532
851
160
690
585
71
297
241
899
357
842
319
822
105
132
682
127
74
681
13
548
969
915
349
736
696
399
64
552
53
52
442
624
117
233
990
220
593
699
677
781
713
170
235
909
94
662
503
223
74
763
538
244
702
793
902
393
490
138
81
263
451
60
476
567
757
10
775
523
554
771
828
24
69
784
295
589
186
647
479
5
92
91
739
529
406
708
788
727
479
321
12
328
160
168
644
972
406
2
303
347
547
812
883
26
912
96
273
242
751
548
706
977
107
548
805
964
342
98
548
654
537
674
443
758
851
36
175
711
265
204
878
288
802
622
957
648
465
92
84
293
632
148
593
761
581
391
993
412
164
754
750
314
353
797
786
76
573
905
367
441
254
690
205
612
2
11
605
548
154
748
456
951
270
877
690
239
241
472
608
587
347
942
128
28
517
204
564
676
503
530
38
370
413
462
997
433
336
552
586
763
322
685
844
201
78
370
758
952
104
718
236
858
873
791
968
507
866
606
958
442
941
383
227
282
556
549
833
138
814
584
875
540
193
87
606
39
58
291
101
743
757
848
224
302
169
916
749
306
68
445
603
607
562
88
143
805
176
356
261
66
826
469
925
422
92
855
413
966
677
397
134
655
887
350
412
999
289
303
27
540
469
687
630
871
906
114
366
931
595
261
159
431
946
98
181
582
908
24
928
722
989
859
215
73
54
708
115
593
347
436
575
833
181
851
960
765
132
723
298
788
373
467
338
504
1
644
840
401
812
422
717
282
4
824
714
124
727
866
355
87
204
678
770
533
423
300
846
265
8
154
861
662
954
97
397
34
372
567
869
306
219
579
422
87
313
237
342
318
555
963
338
898
403
899
231
166
113
774
673
653
165
74
449
263
576
545
836
931
556
868
260
849
8
892
177
542
959
907
727
447
900
298
192
157
350
360
707
146
707
178
996
637
589
264
128
249
420
72
406
186
980
598
551
44
985
33
281
746
559
823
236
727
615
557
945
262
755
837
211
730
291
617
834
710
371
563
85
995
15
658
718
53
54
607
583
948
601
613
115
492
677
723
51
199
67
288
755
678
308
8
415
232
920
684
219
768
703
62
330
616
891
98
98
473
486
555
513
493
917
90
307
495
444
912
496
367
425
623
395
993
620
76
280
474
213
993
986
973
124
545
644
234
482
354
698
753
836
160
82
569
817
931
158
890
432
328
611
101
179
249
980
213
408
653
950
500
191
969
817
865
20
183
782
500
280
149
846
491
332
710
118
361
478
26
307
967
777
857
978
778
922
638
955
322
924
890
885
528
364
880
537
732
368
473
921
366
239
818
656
752
925
812
311
927
85
345
650
161
547
906
792
677
381
514
320
74
644
854
251
165
82
127
654
216
734
435
360
102
426
407
886
497
600
402
214
33
796
852
508
291
368
216
195
628
690
583
113
55
201
159
558
859
114
777
160
185
521
48
472
570
926
21
39
259
934
995
514
236
955
665
50
51
294
933
842
906
924
499
145
978
572
850
546
609
498
351
566
844
466
950
902
743
996
424
727
68
910
193
539
220
563
467
958
748
930
920
731
375
871
95
977
234
509
525
324
925
627
860
205
98
385
375
21
475
465
886
270
631
971
439
27
371
992
168
346
288
805
330
278
885
66
854
155
701
224
723
758
33
592
90
766
167
173
348
620
524
393
280
557
756
333
22
130
619
949
815
933
423
991
419
641
916
67
628
687
788
327
547
107
336
770
140
100
454
49
125
867
819
966
435
152
29
545
332
686
516
692
754
457
233
977
617
294
477
982
621
780
740
6
549
913
117
668
205
251
653
54
888
502
982
660
732
648
744
295
364
726
570
500
40
347
869
794
844
857
247
250
604
817
192
467
857
136
505
14
617
761
118
798
685
291
99
635
953
276
74
474
476
236
828
383
100
640
540
380
76
166
975
667
393
590
965
612
557
544
674
93
125
206
475
456
625
722
741
392
379
760
504
483
387
175
710
51
643
152
756
208
163
600
120
667
572
784
123
979
320
350
309
344
438
996
487
17
318
959
233
678
139
426
503
791
440
733
88
131
822
896
811
158
898
658
752
846
466
701
274
925
284
100
307
197
4
415
168
779
569
40
174
635
810
554
453
749
103
844
627
630
641
750
531
634
334
781
696
745
365
253
118
57
185
808
741
164
53
914
147
97
318
331
212
209
264
988
825
647
722
952
360
651
624
377
254
941
348
430
924
876
998
180
254
924
733
349
64
184
876
660
285
383
836
218
58
797
768
991
606
22
530
19
523
362
718
394
74
906
463
410
204
999
256
543
227
944
245
90
570
206
368
327
534
346
165
67
761
157
329
351
976
221
899
793
644
208
460
792
333
748
914
443
997
655
164
450
833
593
525
786
98
37
811
137
56
496
810
416
227
553
299
741
236
208
845
316
865
379
384
601
354
204
963
998
598
938
110
37
670
839
992
709
994
430
909
159
584
887
684
432
990
169
218
320
980
625
786
689
537
525
687
814
434
896
470
364
533
527
313
701
938
826
62
40
317
423
75
852
39
118
297
605
232
751
914
592
529
101
543
85
43
723
134
552
83
957
706
971
209
967
548
581
494
806
774
510
298
935
968
854
392
574
200
704
55
520
855
515
600
810
595
11
887
691
224
484
513
901
426
974
801
191
123
290
151
330
675
280
47
601
280
34
781
928
678
971
997
318
743
852
240
285
589
818
24
255
599
499
376
748
182
69
405
303
97
897
232
676
948
84
511
867
768
778
870
888
693
578
809
17
365
783
996
473
87
471
447
65
705
620
756
392
890
576
432
603
759
154
367
537
789
618
683
327
546
539
471
190
72
322
471
168
690
758
348
46
578
553
13
559
705
177
405
225
652
756
248
870
348
985
553
955
42
171
60
318
615
628
400
851
955
575
465
906
221
603
382
962
728
535
534
182
638
222
235
9
818
395
78
885
29
210
447
505
73
520
349
759
655
257
598
661
485
491
291
104
591
880
717
272
889
282
105
849
830
202
55
0
308
624
146
213
114
531
923
731
905
63
428
241
55
837
492
931
749
446
245
776
410
489
683
182
851
823
686
663
559
875
563
316
177
993
71
230
538
764
875
828
597
209
552
368
205
518
609
493
972
748
432
731
369
529
746
362
845
356
942
877
959
483
581
562
430
801
513
401
582
315
262
579
869
15
811
350
29
983
441
944
960
579
42
472
582
401
188
504
804
519
316
115
189
164
551
702
95
667
70
810
847
919
417
539
990
74
838
839
772
496
559
144
790
202
867
355
192
165
29
134
863
893
371
836
839
627
266
181
535
357
423
935
475
614
594
469
901
651
770
27
33
191
980
964
756
405
73
990
212
147
209
668
115
775
367
45
593
70
866
293
21
860
729
681
627
979
774
21
598
73
450
980
58
619
776
283
556
207
222
895
628
797
10
728
616
183
99
268
139
345
73
811
544
711
268
652
204
609
712
671
761
366
892
232
270
542
942
231
740
805
538
396
749
792
737
693
641
121
974
759
332
383
684
852
883
567
342
687
819
854
241
906
634
141
983
627
57
974
508
693
401
773
432
786
802
396
641
515
186
93
349
972
602
857
305
2
927
34
414
633
25
793
825
659
157
736
446
406
808
479
908
50
113
515
272
722
781
64
98
777
727
866
113
272
621
106
347
689
238
739
508
373
785
470
360
990
342
598
42
551
201
711
588
181
128
965
399
886
549
299
35
2
221
477
518
906
205
300
260
802
869
659
855
107
197
375
224
23
906
924
34
376
738
212
873
706
820
535
404
879
184
759
608
211
364
506
263
214
486
861
23
567
433
691
784
882
467
172
580
131
148
550
894
366
527
452
83
485
370
316
645
382
577
613
126
737
93
578
830
98
312
133
886
665
419
485
872
363
135
687
929
370
82
85
255
267
326
126
895
364
716
531
16
557
283
148
230
279
343
134
60
735
919
297
357
607
761
509
338
869
545
133
910
162
815
301
129
430
823
696
956
175
741
230
971
698
617
624
321
217
51
437
995
547
833
544
441
356
652
384
688
648
572
594
353
231
178
772
355
401
174
186
752
978
718
244
792
138
4
382
233
168
411
841
952
414
37
493
130
197
616
453
612
405
591
757
577
791
606
757
315
758
791
226
717
564
999
386
112
400
580
201
163
796
379
299
864
137
378
857
143
860
820
608
125
81
707
893
950
972
264
344
885
208
374
344
601
196
960
897
683
599
35
902
844
872
428
126
858
160
232
367
914
892
649
366
971
880
224
88
682
513
434
831
651
923
201
514
83
613
195
151
396
100
718
206
977
585
554
17
88
532
414
936
833
283
513
193
259
552
369
724
882
692
137
371
360
132
662
945
635
269
952
600
554
416
979
841
905
100
526
301
821
125
336
81
731
329
925
81
366
914
268
214
856
513
20
852
630
964
47
129
635
837
835
979
393
365
774
896
537
366
398
461
768
95
423
593
626
765
811
369
78
635
168
977
664
138
481
40
910
535
579
132
734
952
736
753
849
474
509
432
531
181
259
894
667
604
769
450
706
127
80
824
986
259
911
676
916
573
52
966
687
293
704
141
469
210
34
821
582
626
143
332
716
493
239
923
118
783
55
994
572
381
443
962
134
489
656
695
828
604
25
563
941
605
624
255
126
415
38
461
242
971
530
414
768
970
765
62
662
947
701
343
725
792
476
624
914
710
855
872
522
979
336
551
860
601
85
530
858
74
673
533
996
76
26
782
142
799
64
525
117
62
287
66
308
49
942
803
207
770
477
482
577
843
694
580
791
262
411
274
43
148
430
930
293
327
330
439
243
756
919
992
163
460
205
94
91
632
357
715
786
7
478
464
832
424
957
614
449
763
794
589
905
44
554
276
887
584
587
134
857
505
676
620
169
806
578
900
715
438
804
132
954
529
529
909
439
968
769
569
381
63
825
168
373
867
485
879
108
85
736
477
826
166
492
308
281
313
416
906
179
652
7
947
446
742
986
785
161
920
434
203
666
745
285
334
200
913
556
930
379
598
108
292
974
122
850
206
754
209
27
162
577
871
640
8
569
126
117
922
927
363
46
250
878
110
178
339
322
419
930
949
991
824
275
224
285
75
304
480
533
450
682
257
94
470
903
188
601
268
573
243
633
699
873
812
293
512
19
906
477
559
794
493
121
52
147
594
329
362
492
325
88
689
524
495
236
232
334
712
436
133
112
244
193
585
983
992
346
956
368
22
66
691
803
100
104
60
325
506
940
507
383
227
498
489
728
308
326
215
877
732
479
602
574
729
842
121
127
785
342
931
619
982
269
853
772
493
950
271
694
207
140
39
790
475
780
793
914
928
244
876
200
153
791
240
104
787
685
276
867
217
408
509
32
685
408
512
615
27
120
154
275
688
321
544
118
925
476
633
806
306
409
441
264
707
484
333
623
25
503
581
954
727
707
679
23
176
565
561
542
391
542
878
325
542
664
981
375
12
484
104
146
281
27
530
139
278
371
162
559
51
802
60
963
811
894
942
701
442
439
565
498
559
883
218
680
75
824
235
421
12
142
574
853
997
573
26
68
479
855
529
810
205
114
416
167
905
823
150
648
451
466
257
858
988
70
702
361
657
851
931
475
558
561
151
435
573
535
202
791
474
77
543
978
539
552
461
672
526
506
596
962
454
185
288
366
71
60
22
416
328
369
495
875
397
205
399
649
23
402
85
109
57
316
640
835
48
608
808
794
658
321
359
538
520
843
222
333
833
860
682
23
659
2
457
73
407
729
307
415
424
902
87
698
976
626
867
50
154
207
798
689
389
468
889
609
338
271
784
71
885
798
901
838
857
52
19
899
861
59
499
972
335
492
870
184
505
740
408
164
437
10
693
235
800
682
852
526
255
989
355
596
625
47
772
590
120
424
856
59
934
725
704
294
466
98
473
454
273
209
361
811
614
961
100
159
104
186
218
801
574
576
723
559
682
386
658
935
241
805
184
897
470
445
471
751
597
104
681
225
339
800
770
190
772
94
667
417
31
899
607
387
94
280
77
448
623
232
851
551
472
88
62
393
994
957
134
16
747
591
648
864
516
144
901
796
851
582
7
829
466
900
871
219
907
886
254
24
901
903
473
488
623
51
956
420
975
104
29
230
593
825
770
451
944
627
768
384
372
40
891
951
338
128
945
996
443
827
239
17
53
140
628
766
423
284
549
253
338
164
957
411
138
998
805
101
920
539
918
200
422
75
677
211
757
346
928
221
760
552
907
67
152
879
808
224
124
362
798
318
224
434
906
116
631
218
247
527
971
466
451
452
883
89
999
286
404
347
433
484
90
137
26
916
509
270
546
619
357
276
243
200
10
67
7
353
737
745
949
860
177
941
306
33
914
331
695
733
163
409
171
0
633
149
500
851
619
950
316
973
243
109
571
898
564
147
762
741
953
484
989
718
749
333
785
495
682
199
1
867
14
9
795
394
602
764
866
398
365
559
691
175
743
961
421
328
760
31
498
919
280
720
802
517
853
998
330
274
347
790
977
896
170
777
988
737
514
127
44
260
466
515
743
826
269
127
447
80
246
923
91
214
138
113
542
47
688
670
555
161
288
703
195
294
463
704
810
835
737
969
333
513
179
32
697
340
540
524
625
422
447
717
930
543
541
933
712
283
805
110
525
28
587
92
674
435
980
601
280
761
284
471
655
49
246
392
836
290
685
366
812
554
837
70
128
581
510
548
30
453
688
1
278
803
762
963
66
472
957
809
226
643
851
377
57
264
98
464
652
10
604
93
561
115
446
742
996
171
745
168
556
359
577
91
611
687
746
734
85
467
910
152
368
702
122
357
453
6
302
474
251
441
571
547
172
935
623
176
751
981
543
830
61
942
543
591
102
635
119
28
198
772
26
150
663
534
301
627
627
763
265
29
5
232
94
398
9
44
53
331
489
420
968
642
650
99
814
819
393
76
590
731
556
655
800
473
896
650
914
807
473
106
180
384
457
87
16
821
58
921
14
767
392
796
269
267
634
749
349
98
715
889
730
289
179
186
924
652
520
261
851
38
498
386
228
964
472
363
878
424
732
5
894
977
205
732
548
663
651
156
664
898
670
622
949
265
391
360
422
37
744
311
658
345
567
669
30
134
643
919
521
423
936
445
952
967
941
818
682
78
42
491
907
234
254
971
731
136
505
484
39
1
880
769
82
255
899
934
342
220
941
217
941
69
375
110
330
94
853
532
488
281
467
649
185
311
141
499
116
347
756
799
882
405
927
160
866
656
316
513
13
779
624
668
403
328
111
839
316
147
651
395
145
58
782
321
135
417
208
615
428
614
488
367
300
298
417
354
794
913
738
783
178
120
382
232
789
802
377
946
860
677
961
384
863
948
159
309
753
75
312
792
260
472
586
198
31
881
504
601
980
236
932
111
711
74
748
264
208
911
633
981
331
586
47
594
800
232
459
92
468
431
323
44
704
81
162
628
580
713
304
817
417
290
508
44
926
16
747
618
854
317
876
727
534
954
777
146
230
174
852
645
466
903
398
649
830
273
490
953
866
168
486
121
768
58
165
752
527
131
802
989
110
599
202
459
971
128
833
353
967
509
693
505
268
77
513
121
423
859
189
306
104
145
115
621
411
962
192
720
808
942
884
518
905
186
614
450
353
47
183
127
28
183
639
91
552
853
236
438
959
178
660
785
942
24
740
448
735
220
210
691
99
74
918
635
321
528
80
723
365
834
793
642
556
341
26
269
230
836
762
509
839
898
767
839
854
876
737
46
679
463
173
858
476
276
435
163
450
524
845
57
678
623
595
243
987
567
488
171
773
989
185
904
872
69
775
893
773
919
897
705
531
602
613
308
699
695
478
660
499
201
989
243
209
643
702
612
471
376
828
259
787
521
33
824
3
425
533
228
980
229
271
349
968
938
138
710
424
391
750
26
146
638
238
585
637
554
874
174
538
947
144
647
835
36
38
326
295
935
908
113
242
692
256
570
354
528
177
264
643
112
24
343
149
144
24
662
164
25
232
761
18
119
199
667
516
931
172
796
164
604
472
185
199
221
940
916
279
801
981
886
392
313
788
982
200
684
789
326
529
573
227
520
212
624
43
683
789
37
921
673
856
529
432
75
4
205
691
426
357
417
868
658
697
424
159
943
33
559
555
959
268
639
855
79
308
583
884
163
547
516
816
421
182
194
821
294
207
223
997
419
268
389
717
513
774
377
25
462
779
327
722
980
231
928
119
956
53
239
212
994
444
7
208
756
495
27
926
357
895
0
559
525
55
440
722
182
481
368
458
852
576
985
136
598
341
987
751
216
667
950
170
51
966
23
299
117
928
199
977
167
81
615
630
975
661
622
381
387
19
885
360
609
418
393
396
816
607
41
175
389
19
427
177
9
765
592
420
391
869
679
82
643
337
958
605
137
730
177
751
279
880
974
371
755
271
952
411
689
390
73
718
627
39
224
799
420
223
157
557
885
696
531
405
599
689
440
867
301
649
656
938
135
47
761
21
437
422
529
213
824
910
161
87
117
392
476
872
22
287
722
134
551
758
470
610
877
746
950
869
713
841
275
849
297
445
222
132
781
87
636
17
140
15
58
72
738
394
889
872
309
538
241
36
459
605
661
539
724
95
63
483
866
307
540
187
366
643
206
473
983
272
856
525
871
190
25
522
979
182
979
539
351
518
271
890
523
472
774
147
422
934
499
588
33
424
101
698
645
802
699
662
664
874
518
494
820
820
916
556
95
135
562
752
855
306
863
595
469
7
280
691
172
964
827
909
55
987
874
670
831
875
355
322
466
38
626
538
863
702
509
28
519
536
494
642
492
342
711
97
65
256
11
160
216
520
431
110
373
503
400
677
954
58
254
480
899
767
37
191
707
811
91
247
524
501
656
975
454
505
543
418
590
892
952
961
226
968
709
134
319
734
463
577
576
492
935
223
443
776
882
217
893
310
288
938
135
140
199
767
279
433
769
937
562
698
302
854
926
334
536
794
650
495
951
761
227
208
655
602
894
597
250
169
52
811
151
461
287
978
29
156
915
103
378
914
705
297
770
136
977
197
973
613
334
690
973
650
101
334
919
783
965
941
108
198
406
892
490
277
240
628
548
530
37
653
82
274
180
134
129
77
105
823
220
918
587
616
223
438
998
538
244
454
132
296
484
111
528
858
450
662
237
702
644
892
617
460
710
629
55
709
15
602
481
557
831
175
157
498
591
93
515
737
184
473
734
791
890
687
345
751
353
672
416
988
928
486
739
464
855
560
28
56
984
228
350
457
166
585
863
288
32
604
490
36
596
777
322
299
997
227
393
618
776
363
974
864
225
670
667
741
771
146
401
475
809
248
913
184
100
925
381
708
677
476
694
939
165
529
256
793
569
372
319
18
883
252
573
969
313
32
163
331
516
739
307
514
33
163
456
138
984
632
276
544
197
479
770
793
172
529
558
955
631
158
640
788
13
37
4
121
912
772
53
313
349
996
177
202
774
371
729
846
850
155
293
187
421
642
432
490
514
861
3
30
902
326
748
56
508
560
100
486
924
315
47
130
374
155
471
527
769
99
575
602
872
533
890
434
195
506
901
415
978
797
475
933
468
885
160
503
798
22
892
997
919
186
803
162
437
564
646
171
686
586
814
351
71
247
29
523
502
613
604
651
755
956
563
605
711
916
29
873
734
453
27
25
881
135
247
554
271
459
383
488
667
523
368
830
273
305
202
434
820
261
107
425
218
700
407
624
487
636
892
741
171
425
421
294
189
505
139
290
893
993
58
738
134
729
645
952
320
582
730
429
741
496
318
808
938
790
800
52
548
705
684
521
802
17
177
53
864
857
891
518
245
514
469
567
840
96
166
449
527
416
289
849
834
359
921
669
956
293
538
552
222
788
983
732
239
32
744
494
51
839
635
127
95
92
806
741
173
764
446
754
386
443
702
154
760
388
74
872
300
730
12
737
342
363
522
507
347
464
326
421
765
313
539
568
179
300
876
123
701
562
123
143
529
692
970
221
631
360
346
726
764
480
64
780
418
779
941
361
826
211
546
168
874
719
374
935
598
240
579
909
982
689
340
121
936
924
565
885
634
288
916
688
918
439
81
267
64
569
793
197
48
44
356
771
345
708
333
284
462
823
628
105
611
652
373
57
389
221
959
735
887
673
9
311
386
914
345
310
681
8
797
576
134
820
197
382
728
3
99
214
789
295
524
263
522
444
512
79
182
833
416
156
555
995
592
444
364
786
634
897
377
921
344
223
291
949
412
943
895
530
160
688
646
20
780
461
541
989
188
203
81
261
23
625
217
465
318
683
390
907
66
499
146
746
254
794
394
112
906
101
33
783
378
110
547
500
397
530
188
816
359
727
528
603
982
253
479
19
712
72
365
753
201
932
294
840
776
889
821
223
59
381
883
452
805
650
97
664
581
542
726
999
132
866
105
143
139
581
835
567
619
50
824
332
388
457
120
42
849
310
529
645
884
599
225
291
752
819
891
387
723
540
468
343
649
640
234
194
776
622
787
489
897
655
457
334
365
140
836
477
600
578
398
660
440
538
621
241
106
294
656
274
620
514
323
813
216
13
143
184
647
154
206
380
352
975
877
534
106
457
750
625
106
696
804
182
493
862
403
804
895
994
647
685
950
640
600
225
679
277
66
2
257
270
944
53
942
840
642
449
922
152
687
619
394
158
458
720
427
286
912
662
112
405
294
16
992
756
63
175
60
695
710
585
409
163
704
779
206
784
527
236
807
342
671
815
695
215
485
601
406
996
989
553
772
153
96
225
605
96
227
226
429
384
956
763
981
178
150
791
969
234
43
849
39
873
848
594
956
387
762
429
784
316
712
388
240
834
767
613
447
272
913
346
42
457
819
344
966
101
270
23
276
971
206
440
26
928
665
427
585
224
496
803
764
631
387
627
791
83
633
849
452
502
51
585
716
405
657
461
759
704
997
116
587
819
562
17
408
883
297
180
465
320
60
285
315
551
785
901
430
906
274
250
551
95
729
15
461
742
627
158
691
541
65
659
219
605
451
340
400
413
321
678
202
578
74
614
329
332
634
881
961
248
423
312
648
182
495
914
357
885
398
233
816
989
129
686
41
352
534
80
399
849
645
510
634
717
740
170
30
547
357
403
301
824
111
482
841
696
911
200
688
299
101
331
948
543
127
427
412
735
560
221
826
783
684
93
585
40
424
694
642
0
60
840
51
191
60
193
897
602
353
115
318
877
543
278
945
363
895
303
377
776
386
713
225
927
788
978
869
446
490
250
293
901
774
720
309
77
331
137
978
384
63
159
324
587
666
680
247
62
30
170
106
798
251
375
616
217
917
410
544
687
380
442
182
281
943
606
742
949
219
798
610
771
451
277
875
349
247
758
662
754
6
824
590
623
293
46
89
171
568
143
420
891
951
883
984
660
161
209
900
846
397
225
910
720
647
292
358
183
867
442
400
348
536
738
582
23
319
995
655
495
954
490
812
314
55
905
517
971
165
766
786
450
314
65
57
650
301
588
767
589
109
709
364
90
191
68
787
421
829
568
345
937
428
640
544
360
374
528
649
723
71
661
670
410
838
841
20
919
637
48
322
188
23
178
680
359
257
893
309
839
286
93
557
400
159
217
206
840
502
678
463
425
868
296
160
923
154
476
527
559
756
237
356
611
831
947
486
709
855
718
340
101
633
36
655
291
65
84
657
487
277
648
664
249
150
214
518
552
908
76
291
255
182
836
444
633
884
683
971
165
304
217
102
282
65
399
819
131
980
411
780
717
367
819
243
958
112
470
226
306
602
956
482
580
670
326
781
564
873
969
656
764
733
232
41
405
54
380
142
413
91
975
490
643
101
619
385
65
786
254
805
965
240
920
454
471
253
924
811
885
285
888
933
353
948
20
271
398
612
270
979
704
606
729
983
335
550
746
636
258
530
762
883
651
225
786
714
966
550
769
112
135
112
867
850
628
546
747
263
287
817
609
548
7
687
605
248
338
864
631
307
67
769
321
509
659
503
169
150
182
309
352
520
52
807
769
149
433
277
240
787
653
581
593
774
361
623
576
815
428
853
152
141
786
984
756
725
527
957
505
501
548
217
205
511
958
494
229
551
301
661
982
109
324
673
719
392
704
259
965
764
630
821
602
219
634
948
18
380
367
58
331
83
284
945
832
834
395
426
252
290
247
849
357
430
336
986
697
292
974
672
6
980
478
647
905
128
186
220
51
199
433
752
815
762
137
457
899
386
17
692
46
904
817
742
151
577
121
59
597
122
469
95
651
656
530
118
79
363
28
882
917
100
951
615
532
179
358
554
660
344
725
176
120
265
375
349
295
950
968
849
255
132
452
101
632
48
128
517
955
997
690
528
167
759
196
240
493
219
935
681
651
545
55
765
620
871
651
409
865
709
715
751
926
276
8
21
770
483
411
449
143
587
802
504
463
433
810
888
424
740
76
978
618
118
817
804
921
378
536
249
328
221
706
865
190
559
149
627
532
608
580
929
244
334
525
396
450
22
385
382
293
544
939
580
703
357
981
810
468
390
122
898
38
749
986
522
98
635
173
55
845
902
408
711
321
501
208
771
881
388
283
253
89
600
611
171
882
861
814
423
868
489
0
457
987
398
752
51
584
658
268
987
153
425
6
877
609
65
318
165
984
925
713
133
851
522
346
782
643
904
271
621
230
528
802
708
796
304
57
800
112
379
371
69
726
824
831
662
487
637
600
322
86
372
57
402
946
285
39
848
929
72
630
171
753
163
995
980
967
76
756
407
583
495
270
598
220
593
954
545
689
615
503
687
487
883
443
87
596
207
963
506
313
139
381
343
574
640
923
265
379
492
707
321
485
246
966
440
489
570
568
575
772
602
843
137
581
344
573
2
658
164
747
148
441
199
362
865
850
832
106
579
33
439
223
570
301
268
275
211
640
697
753
961
831
62
727
980
228
942
796
146
651
74
609
222
712
43
149
131
104
525
779
578
51
105
771
786
158
687
688
706
347
25
490
898
466
236
719
188
374
978
434
348
38
609
838
284
215
794
692
660
817
951
688
422
925
424
923
470
731
469
475
570
409
966
920
655
997
296
258
888
927
939
357
164
746
179
524
303
909
780
202
804
265
579
136
889
7
764
552
519
399
20
41
227
557
800
861
906
928
766
331
101
874
811
809
21
954
149
540
205
63
671
293
705
611
148
272
742
265
874
291
988
646
34
535
62
519
428
567
314
668
173
388
732
661
653
481
613
115
315
775
683
940
853
364
504
248
955
639
337
274
73
222
121
715
590
704
838
324
381
742
360
491
965
513
807
805
406
839
546
237
628
611
246
727
62
240
797
386
389
967
494
465
693
838
612
511
504
1
381
864
70
804
435
756
670
841
967
774
967
698
234
410
167
661
517
723
262
59
347
898
719
215
608
623
774
233
130
753
924
942
504
705
293
397
163
369
307
231
202
107
503
45
45
587
361
744
791
776
774
410
38
406
129
869
12
631
4
557
90
381
180
708
181
145
990
150
989
502
47
181
844
782
20
120
694
606
467
120
831
960
658
720
86
622
4
481
595
470
911
717
671
207
884
10
979
522
248
698
13
560
123
996
802
844
180
734
894
477
289
972
924
518
343
893
493
944
468
467
663
468
306
325
90
818
277
184
730
777
557
935
70
390
995
213
58
275
367
850
245
903
154
135
181
42
502
195
761
291
167
149
54
789
976
900
119
728
828
560
461
262
310
535
65
757
756
264
399
113
6
404
382
62
135
80
88
907
191
396
844
196
309
50
503
190
626
316
857
787
83
57
569
798
564
709
556
48
799
396
411
830
131
384
374
636
527
142
310
958
219
152
360
149
947
435
257
11
73
504
750
827
764
47
249
986
42
221
584
250
722
844
717
947
199
151
365
85
564
6
740
444
784
649
47
182
516
110
937
424
683
400
864
569
116
459
169
769
387
647
760
156
493
245
464
912
161
19
469
181
402
433
804
201
353
485
473
717
619
462
653
934
70
151
401
779
506
135
397
236
670
894
598
837
860
309
68
219
780
76
919
782
335
248
9
88
788
813
991
653
64
755
371
118
35
556
473
666
275
438
582
686
141
956
94
353
12
738
197
783
192
260
463
861
271
565
748
672
728
723
948
704
150
670
521
629
758
774
123
537
832
105
374
937
237
930
562
724
492
394
12
557
731
688
5
787
458
273
350
161
221
885
147
998
203
106
870
443
242
271
591
703
4
358
106
884
834
280
717
142
354
722
659
408
994
226
503
850
454
764
381
589
600
432
549
909
360
217
627
348
5
21
840
629
636
257
717
309
755
345
7
438
580
410
6
239
154
316
116
41
352
919
200
252
616
104
234
152
608
711
815
703
21
955
322
340
440
309
933
943
523
107
197
797
733
319
633
359
534
53
596
82
256
334
754
391
815
627
609
126
71
390
880
426
913
661
4
72
90
322
688
771
367
201
201
727
878
644
69
108
420
510
938
700
1
806
637
127
172
359
867
500
540
947
558
244
398
338
630
176
576
513
808
595
476
177
166
270
735
336
284
725
130
308
271
157
127
61
386
646
965
171
691
56
268
9
989
190
976
991
251
272
798
863
932
844
502
15
803
472
93
770
429
475
331
449
7
33
107
738
35
632
911
592
218
781
999
430
79
351
872
885
988
653
415
727
690
630
320
885
972
95
475
666
821
15
608
386
233
247
814
620
918
955
543
188
240
208
256
835
119
864
232
242
58
936
947
685
130
62
28
162
517
587
40
253
187
24
277
349
362
339
251
112
719
602
839
208
669
2
880
416
643
163
563
195
41
966
123
654
398
802
204
688
343
296
754
695
149
66
458
922
21
0
520
980
774
863
102
465
241
807
812
974
547
477
425
984
400
973
475
239
659
876
411
285
755
932
795
754
969
720
387
867
203
845
47
324
623
765
94
479
473
334
133
212
452
577
375
410
255
968
191
346
279
735
951
515
37
292
216
713
530
947
989
198
661
449
57
815
812
758
410
860
875
702
346
283
319
770
157
534
402
404
213
30
246
561
871
697
287
215
856
540
584
716
690
507
549
616
296
173
944
648
110
951
404
27
915
579
309
151
146
625
582
74
586
610
854
831
218
167
500
806
501
314
235
870
488
542
325
917
7
902
983
784
603
708
176
268
52
780
904
97
43
363
2
267
54
20
623
121
540
791
900
898
295
887
680
256
268
29
891
460
148
269
802
488
769
848
419
312
749
141
266
14
811
288
107
170
912
418
482
173
647
729
524
768
402
808
201
91
373
745
989
925
874
536
988
743
347
227
686
318
69
45
854
337
873
499
600
522
101
40
188
196
612
444
53
105
917
488
399
585
416
851
849
836
253
441
893
130
558
483
309
307
678
790
286
771
553
608
712
518
562
309
11
434
27
972
899
223
26
622
689
818
352
459
83
95
243
931
932
5
990
923
112
4
636
633
456
797
765
936
722
960
827
190
655
969
507
425
534
528
417
857
35
854
793
461
830
757
917
140
144
940
726
661
362
925
425
89
896
409
960
965
728
663
876
796
437
784
446
763
76
236
944
710
940
120
578
604
153
59
934
626
982
408
722
1
982
725
246
472
392
120
318
39
668
106
229
248
715
71
22
799
118
334
533
738
688
24
585
816
684
700
264
846
374
711
439
83
11
780
545
686
846
203
186
313
592
338
299
776
560
792
450
467
815
800
349
957
829
829
805
779
517
365
161
894
22
172
725
764
303
35
805
275
393
190
775
952
176
128
987
79
690
488
490
334
218
68
204
511
923
774
654
756
357
510
386
476
949
564
939
759
496
92
582
712
763
622
100
585
503
371
534
931
640
337
197
358
850
741
217
588
525
449
544
665
916
382
684
147
309
799
336
26
213
549
788
946
896
40
173
1
73
742
617
36
191
466
933
908
548
562
727
595
425
410
699
405
553
305
503
788
433
860
695
407
521
594
229
194
807
237
446
102
80
594
700
137
51
511
616
21
538
624
455
570
142
61
222
430
176
205
971
342
132
984
199
514
641
844
393
984
699
755
503
103
931
118
630
370
773
421
225
917
773
842
912
858
655
766
413
577
384
387
117
790
251
102
566
865
904
438
480
455
329
627
2
980
16
742
489
871
941
526
559
761
517
662
64
23
401
230
334
138
863
567
348
388
466
517
425
276
962
374
698
891
620
381
867
172
729
787
688
634
590
840
239
677
172
32
239
22
506
114
633
186
31
144
170
143
342
845
951
493
241
103
788
525
528
282
731
531
737
367
321
615
887
623
962
8
366
616
292
622
282
912
603
153
935
737
162
550
628
193
743
86
654
368
819
575
152
832
628
523
503
547
758
91
54
191
10
832
286
261
14
68
960
69
505
651
397
956
199
570
815
599
951
581
556
297
221
545
103
514
939
676
54
740
500
264
549
974
999
722
258
710
792
6
683
357
133
549
405
434
930
860
933
714
660
852
953
742
67
762
117
793
576
282
4
368
270
120
489
827
889
762
582
570
525
646
744
495
632
298
766
104
494
260
607
737
518
757
960
870
618
176
915
359
433
347
823
759
371
532
329
590
237
805
615
529
778
184
74
19
568
510
993
729
501
518
353
599
617
23
509
3
99
398
324
628
75
789
357
303
274
621
788
895
700
988
104
817
198
474
985
411
238
774
457
676
251
276
137
401
621
389
308
712
746
0
637
486
677
892
600
853
476
357
27
228
794
498
769
930
177
941
155
461
246
742
780
950
210
299
170
91
146
989
45
154
80
54
228
288
224
5
714
385
594
422
71
239
895
578
133
586
756
753
870
899
316
446
482
469
733
960
965
408
392
995
853
666
456
931
416
103
946
488
298
892
712
309
495
297
496
796
611
947
793
242
511
259
358
877
873
594
35
965
634
58
21
498
11
603
836
338
581
213
14
919
910
544
985
685
339
308
712
552
839
87
370
567
297
8
791
810
202
903
420
342
445
156
289
649
905
432
838
620
526
861
483
539
840
88
483
994
296
764
32
848
256
699
457
641
270
912
102
879
50
226
750
664
618
905
422
50
239
68
12
296
92
244
481
955
125
505
292
315
130
62
328
292
941
70
821
292
536
663
673
900
980
918
171
540
384
533
250
385
485
471
380
860
24
763
656
88
822
907
861
465
358
59
108
368
692
292
186
688
756
747
840
450
426
391
87
340
278
476
86
313
602
482
225
820
83
522
865
375
530
699
601
360
176
880
21
945
362
728
650
2
882
568
215
690
843
889
379
176
697
816
851
604
982
915
122
994
410
70
117
220
160
972
738
620
633
983
609
39
441
729
339
332
149
822
253
438
102
518
886
137
701
962
463
526
669
900
227
53
142
402
765
690
954
167
402
424
61
463
318
828
886
600
321
873
312
114
67
501
134
526
124
771
64
587
459
483
808
471
812
319
276
204
951
470
756
969
985
617
750
614
749
916
211
814
770
330
139
837
499
242
826
826
259
810
573
809
878
902
361
408
52
800
783
353
295
61
533
467
737
68
874
741
161
841
812
482
373
592
144
287
434
410
168
781
333
159
585
631
390
375
58
328
62
495
971
659
839
229
146
554
610
276
672
214
231
840
556
62
992
650
582
38
370
216
647
230
737
124
824
621
678
41
609
25
181
928
102
868
240
709
369
580
364
222
869
782
55
864
611
331
577
764
688
568
232
655
893
761
933
893
436
848
66
224
161
62
509
949
252
904
211
151
161
260
909
483
356
131
404
837
531
599
325
883
160
124
444
81
573
248
432
269
291
68
398
328
6
611
693
775
429
369
215
322
186
818
908
584
116
695
228
171
585
173
92
314
907
849
244
38
540
623
12
648
529
155
171
964
541
544
964
284
939
289
405
556
583
401
625
603
403
712
414
528
347
75
55
643
30
151
248
326
224
907
195
256
372
791
911
346
470
774
423
558
992
113
818
456
987
726
21
31
164
538
788
832
521
7
623
898
70
329
275
336
283
489
970
626
164
396
805
926
270
846
574
680
575
955
818
841
799
983
107
878
719
203
368
533
29
565
595
976
489
441
407
616
493
652
766
333
682
313
584
281
893
776
116
775
564
98
787
947
707
993
536
26
690
224
875
120
345
710
575
305
412
429
311
705
896
351
677
970
685
244
645
250
727
145
974
307
83
735
68
881
458
605
460
841
171
660
483
882
73
478
631
768
621
487
805
199
196
245
935
385
712
936
438
325
802
438
588
617
126
970
157
314
875
354
622
22
162
426
825
920
783
950
210
868
787
691
674
86
404
973
632
160
140
111
94
285
251
634
448
725
416
64
147
440
130
365
708
715
241
851
247
413
97
463
291
148
963
861
739
311
735
680
697
342
481
657
303
86
14
48
879
368
521
930
417
167
263
502
944
867
491
486
317
129
15
83
804
864
323
690
176
611
748
800
115
427
936
54
446
997
800
423
80
296
219
884
578
575
957
773
945
827
681
166
573
187
504
314
289
896
152
115
79
584
749
82
407
588
195
68
973
990
292
266
407
815
111
639
664
611
550
986
816
213
688
318
536
70
329
67
804
926
83
937
280
13
432
867
347
158
492
678
35
376
606
446
913
585
485
552
572
43
315
649
495
8
175
521
956
888
135
877
90
850
589
695
417
448
775
618
940
362
902
265
363
693
0
30
130
656
432
123
760
655
972
126
358
923
521
317
326
892
781
365
980
448
719
786
251
26
186
699
644
297
899
45
396
843
831
373
108
770
208
741
183
705
466
36
65
0
991
266
629
234
925
958
62
308
89
840
231
545
899
402
843
167
150
753
664
483
763
463
698
900
850
682
490
616
982
913
656
472
170
262
348
980
851
850
587
989
125
340
316
795
618
224
572
758
575
580
416
656
225
509
93
46
40
354
464
935
217
102
903
866
636
88
719
377
559
224
634
442
543
494
36
127
414
399
491
178
641
353
501
686
120
781
610
279
219
795
717
527
902
918
910
361
887
228
235
360
95
714
518
680
98
358
818
282
872
673
107
828
921
976
497
311
780
704
728
33
951
423
627
27
573
46
956
394
517
922
403
317
131
118
451
696
568
208
544
466
481
334
249
645
889
109
90
75
179
195
372
652
537
27
536
541
587
197
600
516
646
484
749
103
805
371
459
631
994
162
376
673
286
491
789
573
978
104
707
959
387
257
453
181
880
19
192
596
397
8
23
501
592
853
68
301
797
755
532
197
170
49
817
263
778
599
621
302
876
191
392
275
278
820
650
412
600
932
436
340
71
199
633
698
804
408
936
736
667
368
48
340
381
539
35
783
45
241
878
245
82
911
939
801
492
828
450
177
396
160
151
991
63
973
910
643
31
24
461
236
433
837
424
162
393
505
424
48
161
155
412
771
706
804
270
169
638
582
430
891
662
964
450
540
233
670
507
910
756
386
286
645
411
286
32
91
695
653
428
461
839
512
511
687
521
338
